690					
0.01318	0	0.013583	0.002643	0.000159	0.020654577
0.013583	0.002643	0.013592	0.002737	0.000159	0.020654577
0.013592	0.002737	0.013734	0.004093	0.000159	0.020654577
0.013734	0.004093	0.013544	0.005262	0.000159	0.020654577
0.013544	0.005262	0.013491	0.005581	0.000159	0.020654577
0.013491	0.005581	0.013598	0.008436	0.000159	0.020654577
0.013598	0.008436	0.013628	0.009393	0.000159	0.020654577
0.013628	0.009393	0.01355	0.01088	0.000159	0.020654577
0.01355	0.01088	0.013522	0.011412	0.000159	0.020654577
0.013522	0.011412	0.013535	0.011556	0.000159	0.020654577
0.013535	0.011556	0.013674	0.013022	0.000159	0.020654577
0.013674	0.013022	0.014494	0.015846	0.000159	0.020654577
0.014494	0.015846	0.014697	0.017645	0.000159	0.020654577
0.014697	0.017645	0.01504	0.020675	0.000159	0.020654577
0.01504	0.020675	0.016102	0.025602	0.000159	0.020654577
0.016102	0.025602	0.016468	0.027296	0.000159	0.020654577
0.016468	0.027296	0.016529	0.02845	0.000159	0.020654577
0.016529	0.02845	0.017614	0.032573	0.000159	0.020654577
0.017614	0.032573	0.019254	0.037113	0.000159	0.020654577
0.019254	0.037113	0.019822	0.038431	0.000159	0.020654577
0.019822	0.038431	0.019893	0.038595	0.000159	0.020654577
0.019893	0.038595	0.020317	0.039581	0.000159	0.020654577
0.020317	0.039581	0.020642	0.040508	0.000159	0.020654577
0.020642	0.040508	0.020848	0.041099	0.000159	0.020654577
0.020848	0.041099	0.021502	0.042967	0.000159	0.020654577
0.021502	0.042967	0.022032	0.045976	0.000159	0.020654577
0.022032	0.045976	0.021817	0.048577	0.000159	0.020654577
0.021817	0.048577	0.021698	0.050456	0.000159	0.020654577
0.016901	0	0.017789	0.000796	0.00047	0.1804753
0.017789	0.000796	0.01976	0.002561	0.00047	0.1804753
0.01976	0.002561	0.020245	0.002995	0.00047	0.1804753
0.020245	0.002995	0.020257	0.003006	0.00047	0.1804753
0.020257	0.003006	0.020348	0.006067	0.00047	0.1804753
0.020348	0.006067	0.023734	0.00877	0.00047	0.1804753
0.023734	0.00877	0.023774	0.008907	0.00047	0.1804753
0.023774	0.008907	0.024463	0.011276	0.00047	0.1804753
0.024463	0.011276	0.024993	0.012286	0.00047	0.1804753
0.024993	0.012286	0.025024	0.012345	0.00047	0.1804753
0.025024	0.012345	0.025268	0.012809	0.00047	0.1804753
0.025268	0.012809	0.025378	0.013665	0.00047	0.1804753
0.025378	0.013665	0.025754	0.016575	0.00047	0.1804753
0.025754	0.016575	0.02712	0.018534	0.00047	0.1804753
0.02712	0.018534	0.028426	0.021784	0.00047	0.1804753
0.028426	0.021784	0.029186	0.022993	0.00047	0.1804753
0.029186	0.022993	0.031509	0.026689	0.00047	0.1804753
0.031509	0.026689	0.032131	0.028055	0.00047	0.1804753
0.032131	0.028055	0.035244	0.031548	0.00047	0.1804753
0.034637	0.000008	0.034394	0.002392	0.000232	0.043974208
0.034394	0.002392	0.034926	0.00508	0.000232	0.043974208
0.034926	0.00508	0.034919	0.007736	0.000232	0.043974208
0.034919	0.007736	0.034918	0.008101	0.000232	0.043974208
0.034918	0.008101	0.034917	0.008511	0.000232	0.043974208
0.034917	0.008511	0.03491	0.010972	0.000232	0.043974208
0.03491	0.010972	0.034971	0.01249	0.000232	0.043974208
0.034971	0.01249	0.035336	0.015634	0.000232	0.043974208
0.035336	0.015634	0.035283	0.016745	0.000232	0.043974208
0.035283	0.016745	0.035214	0.018185	0.000232	0.043974208
0.035214	0.018185	0.035229	0.018364	0.000232	0.043974208
0.035229	0.018364	0.035457	0.020997	0.000232	0.043974208
0.027606	0	0.027712	0.001678	0.000264	0.056941632
0.027712	0.001678	0.027735	0.003637	0.000264	0.056941632
0.027735	0.003637	0.028069	0.006447	0.000264	0.056941632
0.028069	0.006447	0.027963	0.007996	0.000264	0.056941632
0.027963	0.007996	0.028304	0.009238	0.000264	0.056941632
0.028304	0.009238	0.028561	0.010177	0.000264	0.056941632
0.028561	0.010177	0.028671	0.010578	0.000264	0.056941632
0.028671	0.010578	0.029345	0.013037	0.000264	0.056941632
0.027697	0.000016	0.028107	0.00243	0.000125	0.012765625
0.028107	0.00243	0.028288	0.003304	0.000125	0.012765625
0.028288	0.003304	0.02861	0.004866	0.000125	0.012765625
0.02861	0.004866	0.028684	0.005224	0.000125	0.012765625
0.028684	0.005224	0.029284	0.008201	0.000125	0.012765625
0.029284	0.008201	0.029334	0.00905	0.000125	0.012765625
0.029334	0.00905	0.029357	0.009453	0.000125	0.012765625
0.029357	0.009453	0.029368	0.009636	0.000125	0.012765625
0.029368	0.009636	0.029511	0.010281	0.000125	0.012765625
0.029511	0.010281	0.029747	0.011344	0.000125	0.012765625
0.029747	0.011344	0.029884	0.012627	0.000125	0.012765625
0.029884	0.012627	0.029914	0.013348	0.000125	0.012765625
0.029914	0.013348	0.03009	0.014683	0.000125	0.012765625
0.03009	0.014683	0.03029	0.015402	0.000125	0.012765625
0.03029	0.015402	0.030743	0.017022	0.000125	0.012765625
0.027917	0.000016	0.028288	0.003304	0.000059	0.002843977
0.029573	0.000012	0.029797	0.001758	0.000105	0.009007425
0.029797	0.001758	0.030298	0.004082	0.000105	0.009007425
0.030298	0.004082	0.0307	0.005744	0.000105	0.009007425
0.0307	0.005744	0.031323	0.007711	0.000105	0.009007425
0.031323	0.007711	0.031524	0.008568	0.000105	0.009007425
0.031524	0.008568	0.031759	0.009567	0.000105	0.009007425
0.035229	0.018364	0.035229	0.018364	0.000378	0.116736228
0.035229	0.018364	0.035778	0.019237	0.000378	0.116736228
0.035778	0.019237	0.036831	0.020914	0.000378	0.116736228
0.036831	0.020914	0.038822	0.024366	0.000378	0.116736228
0.038822	0.024366	0.03985	0.026149	0.000378	0.116736228
0.03985	0.026149	0.040419	0.027136	0.000378	0.116736228
0.040419	0.027136	0.04043	0.027156	0.000378	0.116736228
0.04043	0.027156	0.041742	0.030445	0.000378	0.116736228
0.041742	0.030445	0.042252	0.031726	0.000378	0.116736228
0.042252	0.031726	0.042406	0.031993	0.000378	0.116736228
0.042406	0.031993	0.042996	0.033019	0.000378	0.116736228
0.042996	0.033019	0.043322	0.033585	0.000378	0.116736228
0.029778	0.000004	0.02999	0.000991	0.000057	0.002654433
0.02999	0.000991	0.03029	0.002419	0.000057	0.002654433
0.039151	0.000008	0.040685	0.005444	0.000429	0.150361497
0.040685	0.005444	0.040731	0.005624	0.000429	0.150361497
0.040731	0.005624	0.041277	0.007737	0.000429	0.150361497
0.041277	0.007737	0.042279	0.013994	0.000429	0.150361497
0.042279	0.013994	0.042995	0.015952	0.000429	0.150361497
0.042995	0.015952	0.043775	0.018086	0.000429	0.150361497
0.042995	0.015952	0.04644	0.020554	0.000185	0.027961825
0.04644	0.020554	0.048535	0.022983	0.000185	0.027961825
0.048535	0.022983	0.049371	0.024092	0.000185	0.027961825
0.049371	0.024092	0.05057	0.025421	0.000185	0.027961825
0.05057	0.025421	0.051297	0.0259	0.000185	0.027961825
0.051297	0.0259	0.051307	0.025907	0.000185	0.027961825
0.051307	0.025907	0.052575	0.027721	0.000185	0.027961825
0.052575	0.027721	0.053334	0.028997	0.000185	0.027961825
0.053334	0.028997	0.053957	0.029604	0.000185	0.027961825
0.053957	0.029604	0.054865	0.031178	0.000185	0.027961825
0.054865	0.031178	0.056158	0.033416	0.000185	0.027961825
0.056158	0.033416	0.057032	0.034471	0.000185	0.027961825
0.055065	0.000008	0.056584	0.003577	0.000122	0.012160228
0.056166	0.003387	0.057024	0.005186	0.00011	0.0098857
0.000018	0.000099	0.000504	0.001041	0.000161	0.021177457
0.000504	0.001041	0.000276	0.00385	0.000161	0.021177457
0.000276	0.00385	0.000216	0.005536	0.000161	0.021177457
0.000216	0.005536	0.000261	0.007904	0.000161	0.021177457
0.000261	0.007904	0.000231	0.008755	0.000161	0.021177457
0.001909	0	0.001886	0.001542	0.000203	0.033667753
0.001886	0.001542	0.002288	0.004814	0.000203	0.033667753
0.002288	0.004814	0.002137	0.005741	0.000203	0.033667753
0.002137	0.005741	0.001241	0.007624	0.000203	0.033667753
0.001241	0.007624	0.000231	0.008755	0.000203	0.033667753
0.000231	0.008755	0.000061	0.009032	0.000203	0.033667753
0.000061	0.009032	0.000014	0.009108	0.000203	0.033667753
0.020966	0.000012	0.020078	0.000278	0.000109	0.009706777
0.020078	0.000278	0.019266	0.000247	0.000109	0.009706777
0.019266	0.000247	0.018119	0.000619	0.000109	0.009706777
0.018119	0.000619	0.017789	0.000796	0.000109	0.009706777
0.017789	0.000796	0.016396	0.001538	0.000109	0.009706777
0.023229	0.020201	0.023232	0.020213	0.000282	0.064971108
0.023232	0.020213	0.024003	0.023268	0.000282	0.064971108
0.024003	0.023268	0.023914	0.023816	0.000282	0.064971108
0.023914	0.023816	0.023852	0.024195	0.000282	0.064971108
0.023852	0.024195	0.023913	0.024805	0.000282	0.064971108
0.023913	0.024805	0.024003	0.025713	0.000282	0.064971108
0.024003	0.025713	0.025704	0.029965	0.000282	0.064971108
0.025704	0.029965	0.025795	0.031757	0.000282	0.064971108
0.025795	0.031757	0.026099	0.033473	0.000282	0.064971108
0.026099	0.033473	0.027132	0.036555	0.000282	0.064971108
0.037793	0.039751	0.038255	0.039843	0.000473	0.182786593
0.038255	0.039843	0.039363	0.041088	0.000473	0.182786593
0.039363	0.041088	0.040548	0.043305	0.000473	0.182786593
0.040548	0.043305	0.04066	0.043662	0.000473	0.182786593
0.04066	0.043662	0.041748	0.047117	0.000473	0.182786593
0.041748	0.047117	0.04401	0.051384	0.000473	0.182786593
0.04401	0.051384	0.044667	0.052604	0.000473	0.182786593
0.044667	0.052604	0.044861	0.052963	0.000473	0.182786593
0.044861	0.052963	0.045848	0.057018	0.000473	0.182786593
0.040776	0.051657	0.041474	0.053054	0.000234	0.044735652
0.041474	0.053054	0.043767	0.057002	0.000234	0.044735652
0.021126	0.020239	0.021787	0.020849	0.000125	0.012765625
0.021787	0.020849	0.021817	0.020877	0.000125	0.012765625
0.021817	0.020877	0.023335	0.022714	0.000125	0.012765625
0.023335	0.022714	0.023914	0.023816	0.000125	0.012765625
0.023914	0.023816	0.02414	0.024248	0.000125	0.012765625
0.02414	0.024248	0.025514	0.025371	0.000125	0.012765625
0.025514	0.025371	0.025514	0.0261	0.000125	0.012765625
0.025514	0.0261	0.026486	0.026791	0.000125	0.012765625
0.026486	0.026791	0.028233	0.027702	0.000125	0.012765625
0.028233	0.027702	0.029425	0.028619	0.000125	0.012765625
0.029425	0.028619	0.029678	0.028814	0.000125	0.012765625
0.029425	0.028619	0.029425	0.02862	0.000179	0.026177497
0.029425	0.02862	0.029433	0.03198	0.000179	0.026177497
0.029433	0.03198	0.02957	0.032633	0.000179	0.026177497
0.02957	0.032633	0.029418	0.034486	0.000179	0.026177497
0.029418	0.034486	0.029509	0.036095	0.000179	0.026177497
0.029509	0.036095	0.029858	0.038115	0.000179	0.026177497
0.029858	0.038115	0.029805	0.038664	0.000179	0.026177497
0.029805	0.038664	0.029554	0.041289	0.000179	0.026177497
0.029554	0.041289	0.029691	0.042511	0.000179	0.026177497
0.029691	0.042511	0.030017	0.04346	0.000179	0.026177497
0.030017	0.04346	0.030124	0.044576	0.000179	0.026177497
0.030124	0.044576	0.03004	0.045761	0.000179	0.026177497
0.03004	0.045761	0.03023	0.047401	0.000179	0.026177497
0.03023	0.047401	0.03086	0.049124	0.000179	0.026177497
0.03086	0.049124	0.0309	0.049246	0.000179	0.026177497
0.0309	0.049246	0.031088	0.049815	0.000179	0.026177497
0.031088	0.049815	0.03105	0.050347	0.000179	0.026177497
0.03105	0.050347	0.031012	0.051387	0.000179	0.026177497
0.030746	0.051676	0.030784	0.052199	0.000057	0.002654433
0.030784	0.052199	0.031043	0.053688	0.000057	0.002654433
0.031043	0.053688	0.031156	0.054523	0.000057	0.002654433
0.031156	0.054523	0.031027	0.055419	0.000057	0.002654433
0.031027	0.055419	0.03102	0.055973	0.000057	0.002654433
0.03102	0.055973	0.031141	0.057006	0.000057	0.002654433
0.029186	0.022993	0.029539	0.0252	0.000144	0.016941312
0.029539	0.0252	0.029678	0.028814	0.000144	0.016941312
0.04537	0.02539	0.046167	0.027427	0.000238	0.046278148
0.046167	0.027427	0.046516	0.028321	0.000238	0.046278148
0.046516	0.028321	0.047883	0.03138	0.000238	0.046278148
0.047883	0.03138	0.049219	0.033582	0.000238	0.046278148
0.049219	0.033582	0.051148	0.036619	0.000238	0.046278148
0.051148	0.036619	0.053092	0.040127	0.000238	0.046278148
0.053092	0.040127	0.053972	0.041387	0.000238	0.046278148
0.03956	0.033263	0.039858	0.034083	0.000193	0.030432433
0.039858	0.034083	0.039959	0.034372	0.000193	0.030432433
0.039959	0.034372	0.041224	0.037956	0.000193	0.030432433
0.041224	0.037956	0.041315	0.039869	0.000193	0.030432433
0.041315	0.039869	0.04169	0.04257	0.000193	0.030432433
0.04169	0.04257	0.041748	0.04299	0.000193	0.030432433
0.051064	0.008397	0.05275	0.01028	0.000086	0.006042532
0.05275	0.01028	0.054347	0.012373	0.000086	0.006042532
0.054347	0.012373	0.054754	0.012907	0.000086	0.006042532
0.054754	0.012907	0.057032	0.015793	0.000086	0.006042532
0.036699	0.043324	0.03685	0.043689	0.000121	0.011961697
0.03685	0.043689	0.037231	0.044614	0.000121	0.011961697
0.037231	0.044614	0.037411	0.045409	0.000121	0.011961697
0.037411	0.045409	0.037458	0.045617	0.000121	0.011961697
0.037458	0.045617	0.037777	0.046634	0.000121	0.011961697
0.037777	0.046634	0.038324	0.048274	0.000121	0.011961697
0.034467	0.031737	0.034907	0.033362	0.00046	0.1728772
0.034907	0.033362	0.036122	0.036612	0.00046	0.1728772
0.036122	0.036612	0.036135	0.036636	0.00046	0.1728772
0.036135	0.036636	0.037793	0.039751	0.00046	0.1728772
0.036135	0.036636	0.037109	0.037576	0.000067	0.003667513
0.037109	0.037576	0.037663	0.03788	0.000067	0.003667513
0.037663	0.03788	0.039243	0.039839	0.000067	0.003667513
0.039243	0.039839	0.040731	0.041919	0.000067	0.003667513
0.040731	0.041919	0.04152	0.04275	0.000067	0.003667513
0.04152	0.04275	0.041748	0.04299	0.000067	0.003667513
0.041748	0.04299	0.042758	0.044128	0.000067	0.003667513
0.042758	0.044128	0.043365	0.044614	0.000067	0.003667513
0.043365	0.044614	0.044497	0.045928	0.000067	0.003667513
0.044497	0.045928	0.044831	0.046345	0.000067	0.003667513
0.044831	0.046345	0.045802	0.046839	0.000067	0.003667513
0.045802	0.046839	0.045818	0.046847	0.000067	0.003667513
0.044687	0.045617	0.045195	0.046125	0.000091	0.006765577
0.045195	0.046125	0.045802	0.046839	0.000091	0.006765577
0.045802	0.046839	0.045803	0.046839	0.000091	0.006765577
0.045803	0.046839	0.047648	0.048684	0.000091	0.006765577
0.047648	0.048684	0.048354	0.049701	0.000091	0.006765577
0.048354	0.049701	0.049713	0.051638	0.000091	0.006765577
0.049713	0.051638	0.051186	0.053589	0.000091	0.006765577
0.051186	0.053589	0.053858	0.057013	0.000091	0.006765577
0.053684	0.046421	0.053755	0.047108	0.000073	0.004353793
0.053755	0.047108	0.054041	0.049868	0.000073	0.004353793
0.054041	0.049868	0.054299	0.051364	0.000073	0.004353793
0.054299	0.051364	0.054534	0.052382	0.000073	0.004353793
0.054534	0.052382	0.055149	0.053422	0.000073	0.004353793
0.055149	0.053422	0.055362	0.053763	0.000073	0.004353793
0.055362	0.053763	0.055529	0.054204	0.000073	0.004353793
0.055529	0.054204	0.055901	0.054902	0.000073	0.004353793
0.055901	0.054902	0.056151	0.055745	0.000073	0.004353793
0.056151	0.055745	0.056933	0.056998	0.000073	0.004353793
0.023845	0.002285	0.023867	0.002565	0.000155	0.019628425
0.023867	0.002565	0.024042	0.00473	0.000155	0.019628425
0.024042	0.00473	0.024063	0.005504	0.000155	0.019628425
0.024063	0.005504	0.02408	0.006104	0.000155	0.019628425
0.02408	0.006104	0.024004	0.007828	0.000155	0.019628425
0.024004	0.007828	0.023774	0.008907	0.000155	0.019628425
0.034917	0.008511	0.033036	0.009233	0.000105	0.009007425
0.033036	0.009233	0.031759	0.009567	0.000105	0.009007425
0.031759	0.009567	0.030864	0.009802	0.000105	0.009007425
0.030864	0.009802	0.030412	0.009962	0.000105	0.009007425
0.030412	0.009962	0.029511	0.010281	0.000105	0.009007425
0.029511	0.010281	0.028671	0.010578	0.000105	0.009007425
0.029357	0.009453	0.028561	0.010177	0.000067	0.003667513
0.028561	0.010177	0.027728	0.010933	0.000067	0.003667513
0.027728	0.010933	0.026756	0.011753	0.000067	0.003667513
0.026756	0.011753	0.024993	0.012286	0.000067	0.003667513
0.025769	0.009863	0.027045	0.009468	0.000048	0.001882368
0.027045	0.009468	0.028304	0.009238	0.000048	0.001882368
0.028304	0.009238	0.029334	0.00905	0.000048	0.001882368
0.029334	0.00905	0.029915	0.008944	0.000048	0.001882368
0.029915	0.008944	0.030164	0.008886	0.000048	0.001882368
0.030164	0.008886	0.031524	0.008568	0.000048	0.001882368
0.031524	0.008568	0.031768	0.008511	0.000048	0.001882368
0.031768	0.008511	0.032876	0.008192	0.000048	0.001882368
0.032876	0.008192	0.034918	0.008101	0.000048	0.001882368
0.02861	0.004866	0.029141	0.006112	0.000077	0.004843993
0.029141	0.006112	0.029437	0.006446	0.000077	0.004843993
0.029437	0.006446	0.030164	0.008886	0.000077	0.004843993
0.030164	0.008886	0.030211	0.009043	0.000077	0.004843993
0.030211	0.009043	0.030412	0.009962	0.000077	0.004843993
0.030412	0.009962	0.030598	0.010819	0.000077	0.004843993
0.030598	0.010819	0.031578	0.014115	0.000077	0.004843993
0.031578	0.014115	0.03214	0.016134	0.000077	0.004843993
0.03214	0.016134	0.032244	0.016627	0.000077	0.004843993
0.032244	0.016627	0.032489	0.017789	0.000077	0.004843993
0.032489	0.017789	0.033127	0.020629	0.000077	0.004843993
0.033127	0.020629	0.033392	0.021305	0.000077	0.004843993
0.033392	0.021305	0.033939	0.023013	0.000077	0.004843993
0.033939	0.023013	0.034182	0.023985	0.000077	0.004843993
0.034182	0.023985	0.034379	0.024463	0.000077	0.004843993
0.000023	0.009012	0.000061	0.009032	0.00008	0.0052288
0.000061	0.009032	0.001245	0.009658	0.00008	0.0052288
0.001245	0.009658	0.001714	0.009647	0.00008	0.0052288
0.001714	0.009647	0.003887	0.009597	0.00008	0.0052288
0.003887	0.009597	0.004715	0.009923	0.00008	0.0052288
0.004715	0.009923	0.007661	0.010159	0.00008	0.0052288
0.007661	0.010159	0.008549	0.010037	0.00008	0.0052288
0.008549	0.010037	0.009468	0.010622	0.00008	0.0052288
0.009468	0.010622	0.012968	0.011161	0.00008	0.0052288
0.012968	0.011161	0.013535	0.011556	0.00008	0.0052288
0.012968	0.011161	0.01355	0.01088	0.000027	0.000595593
0	0.014904	0.000227	0.015019	0.000067	0.003667513
0.000227	0.015019	0.003398	0.016631	0.000067	0.003667513
0.003398	0.016631	0.003736	0.016802	0.000067	0.003667513
0.003736	0.016802	0.003918	0.017	0.000067	0.003667513
0.003918	0.017	0.004252	0.017258	0.000067	0.003667513
0.004252	0.017258	0.004388	0.01744	0.000067	0.003667513
0.005618	0.018777	0.009901	0.020766	0.000056	0.002562112
0.009901	0.020766	0.010675	0.021373	0.000056	0.002562112
0.000015	0.016438	0.000319	0.017334	0.000099	0.008007417
0.000319	0.017334	0.000711	0.017791	0.000099	0.008007417
0.000711	0.017791	0.001048	0.018184	0.000099	0.008007417
0.001048	0.018184	0.002384	0.020371	0.000099	0.008007417
0.00003	0.017881	0.000152	0.019536	0.000077	0.004843993
0.000152	0.019536	0.000273	0.021206	0.000077	0.004843993
0.000873	0.021267	0.001025	0.022801	0.000059	0.002843977
0.001025	0.022801	0.001192	0.023347	0.000059	0.002843977
0.001192	0.023347	0.00126	0.023904	0.000059	0.002843977
0.00126	0.023904	0.00142	0.025215	0.000059	0.002843977
0.00142	0.025215	0.00145	0.026597	0.000059	0.002843977
0.00145	0.026597	0.001602	0.027797	0.000059	0.002843977
0.001602	0.027797	0.001936	0.028586	0.000059	0.002843977
0.001936	0.028586	0.002027	0.029315	0.000059	0.002843977
0.001298	0.028677	0.001951	0.031699	0.000068	0.003777808
0.001951	0.031699	0.002574	0.034296	0.000068	0.003777808
0.002574	0.034296	0.003272	0.037424	0.000068	0.003777808
0.003272	0.037424	0.00372	0.039132	0.000068	0.003777808
0.003622	0.039239	0.003986	0.040416	0.00005	0.0020425
0.003986	0.040416	0.004593	0.041934	0.00005	0.0020425
0.004593	0.041934	0.004647	0.042276	0.00005	0.0020425
0.004647	0.042276	0.005049	0.043437	0.00005	0.0020425
0.005049	0.043437	0.005464	0.044689	0.00005	0.0020425
0.002688	0.041	0.00325	0.041828	0.000044	0.001581712
0.00325	0.041828	0.004305	0.043157	0.000044	0.001581712
0.004305	0.043157	0.005464	0.044689	0.000044	0.001581712
0.007428	0.049229	0.007532	0.049383	0.000087	0.006183873
0.007532	0.049383	0.007889	0.050104	0.000087	0.006183873
0.007889	0.050104	0.008807	0.051729	0.000087	0.006183873
0.007428	0.049229	0.007813	0.050651	0.000055	0.002471425
0.007813	0.050651	0.007936	0.051108	0.000055	0.002471425
0.007936	0.051108	0.008079	0.051638	0.000055	0.002471425
0.007936	0.051108	0.008511	0.051692	0.000091	0.006765577
0.008511	0.051692	0.008929	0.052116	0.000091	0.006765577
0.008929	0.052116	0.008936	0.052123	0.000091	0.006765577
0.008936	0.052123	0.010721	0.054174	0.000091	0.006765577
0.010721	0.054174	0.011624	0.055373	0.000091	0.006765577
0.011624	0.055373	0.01227	0.05614	0.000091	0.006765577
0.01227	0.05614	0.012497	0.056512	0.000091	0.006765577
0.008003	0.051619	0.008132	0.052044	0.000039	0.001242657
0.008132	0.052044	0.008451	0.052678	0.000039	0.001242657
0.008451	0.052678	0.008519	0.05305	0.000039	0.001242657
0.008519	0.05305	0.008899	0.0539	0.000039	0.001242657
0.008899	0.0539	0.009445	0.054864	0.000039	0.001242657
0.009445	0.054864	0.010106	0.056034	0.000039	0.001242657
0.010106	0.056034	0.01063	0.057006	0.000039	0.001242657
0.008929	0.052116	0.008929	0.052116	0.000047	0.001804753
0.008929	0.052116	0.00921	0.053437	0.000047	0.001804753
0.00921	0.053437	0.009491	0.054272	0.000047	0.001804753
0.009491	0.054272	0.009726	0.055085	0.000047	0.001804753
0.00771	0.051554	0.008003	0.051619	0.000045	0.001654425
0.008003	0.051619	0.008079	0.051638	0.000045	0.001654425
0.008079	0.051638	0.008511	0.051692	0.000045	0.001654425
0.008511	0.051692	0.008807	0.051729	0.000045	0.001654425
0.008807	0.051729	0.009884	0.051924	0.000045	0.001654425
0.009884	0.051924	0.011364	0.051993	0.000045	0.001654425
0.011364	0.051993	0.012139	0.052099	0.000045	0.001654425
0.013824	0.051962	0.015383	0.052884	0.000063	0.003242673
0.015383	0.052884	0.015404	0.052896	0.000063	0.003242673
0.015404	0.052896	0.015935	0.053131	0.000063	0.003242673
0.015935	0.053131	0.01594	0.053133	0.000063	0.003242673
0.015821	0.042054	0.015502	0.04298	0.000125	0.012765625
0.015502	0.04298	0.01535	0.045334	0.000125	0.012765625
0.01535	0.045334	0.015533	0.047718	0.000125	0.012765625
0.015533	0.047718	0.015153	0.050041	0.000125	0.012765625
0.015153	0.050041	0.015502	0.052152	0.000125	0.012765625
0.015502	0.052152	0.01594	0.053133	0.000125	0.012765625
0.01594	0.053133	0.016687	0.054809	0.000125	0.012765625
0.016687	0.054809	0.017249	0.056222	0.000125	0.012765625
0.017249	0.056222	0.017416	0.057011	0.000125	0.012765625
0.015812	0.054955	0.015654	0.055888	0.000148	0.017895568
0.015654	0.055888	0.015629	0.057005	0.000148	0.017895568
0.013951	0.033361	0.014164	0.036459	0.000132	0.014235408
0.014164	0.036459	0.014554	0.037743	0.000132	0.014235408
0.014554	0.037743	0.014999	0.039207	0.000132	0.014235408
0.014999	0.039207	0.015216	0.040114	0.000132	0.014235408
0.015216	0.040114	0.015462	0.04114	0.000132	0.014235408
0.015462	0.04114	0.015607	0.041743	0.000132	0.014235408
0.015607	0.041743	0.015821	0.042054	0.000132	0.014235408
0.015821	0.042054	0.017765	0.044032	0.000132	0.014235408
0.017765	0.044032	0.019783	0.046086	0.000132	0.014235408
0.019783	0.046086	0.021817	0.048577	0.000132	0.014235408
0.030017	0.04346	0.031407	0.044021	0.000123	0.012360393
0.031407	0.044021	0.033434	0.044295	0.000123	0.012360393
0.033434	0.044295	0.034581	0.044659	0.000123	0.012360393
0.034581	0.044659	0.036783	0.045517	0.000123	0.012360393
0.037411	0.045409	0.03821	0.045836	0.000048	0.001882368
0.03821	0.045836	0.038699	0.046041	0.000048	0.001882368
0.038699	0.046041	0.038954	0.046147	0.000048	0.001882368
0.044667	0.052604	0.045226	0.052343	0.000073	0.004353793
0.045226	0.052343	0.046825	0.051577	0.000073	0.004353793
0.046825	0.051577	0.047352	0.051325	0.000073	0.004353793
0.047352	0.051325	0.048339	0.051052	0.000073	0.004353793
0.048339	0.051052	0.049143	0.050855	0.000073	0.004353793
0.041513	0.053163	0.041801	0.054188	0.000052	0.002209168
0.041801	0.054188	0.041991	0.054643	0.000052	0.002209168
0.041991	0.054643	0.042834	0.056169	0.000052	0.002209168
0.042834	0.056169	0.043381	0.057005	0.000052	0.002209168
0.020642	0.040508	0.023017	0.042449	0.000096	0.007529472
0.023017	0.042449	0.024034	0.044211	0.000096	0.007529472
0.024034	0.044211	0.024596	0.046367	0.000096	0.007529472
0.014554	0.037743	0.016563	0.038304	0.000037	0.001118473
0.017273	0.038342	0.01883	0.038486	0.000056	0.002562112
0.01883	0.038486	0.019822	0.038431	0.000056	0.002562112
0.016102	0.025602	0.017698	0.025343	0.000091	0.006765577
0.017698	0.025343	0.018245	0.02539	0.000091	0.006765577
0.018245	0.02539	0.018951	0.02545	0.000091	0.006765577
0.0217	0.025017	0.022915	0.025002	0.000066	0.003558852
0.022915	0.025002	0.023913	0.024805	0.000066	0.003558852
0.021153	0.015192	0.021171	0.015351	0.000265	0.057373825
0.021171	0.015351	0.021787	0.020848	0.000265	0.057373825
0.021787	0.020848	0.021787	0.020849	0.000265	0.057373825
0.017417	0.016035	0.0175	0.016795	0.000087	0.006183873
0.0175	0.016795	0.017555	0.017302	0.000087	0.006183873
0.017555	0.017302	0.017568	0.017425	0.000087	0.006183873
0.017568	0.017425	0.017782	0.019391	0.000087	0.006183873
0.014697	0.017645	0.017082	0.016922	0.000146	0.017415172
0.017082	0.016922	0.0175	0.016795	0.000146	0.017415172
0.017568	0.017425	0.017569	0.017424	0.000051	0.002125017
0.017569	0.017424	0.017649	0.017378	0.000051	0.002125017
0.017649	0.017378	0.018754	0.016741	0.000051	0.002125017
0.01889	0.017044	0.020251	0.016034	0.000062	0.003140548
0.020251	0.016034	0.021171	0.015351	0.000062	0.003140548
0.021555	0.015078	0.022543	0.017052	0.000099	0.008007417
0.022543	0.017052	0.022968	0.018449	0.000099	0.008007417
0.022968	0.018449	0.023232	0.020213	0.000099	0.008007417
0.023232	0.020213	0.023232	0.020213	0.000099	0.008007417
0.001837	0.008989	0.001714	0.009647	0.000048	0.001882368
0.001714	0.009647	0.001496	0.010818	0.000048	0.001882368
0.001496	0.010818	0.001025	0.012588	0.000048	0.001882368
0.001025	0.012588	0.000888	0.013954	0.000048	0.001882368
0.000227	0.015019	0.000554	0.016293	0.000055	0.002471425
0.000554	0.016293	0.000711	0.017791	0.000055	0.002471425
0.000008	0.024182	0.000934	0.02409	0.000076	0.004718992
0.000934	0.02409	0.00126	0.023904	0.000076	0.004718992
0.00126	0.023904	0.002771	0.023043	0.000076	0.004718992
0.002771	0.023043	0.003333	0.022921	0.000076	0.004718992
0.003333	0.022921	0.004266	0.022859	0.000076	0.004718992
0.004266	0.022859	0.004464	0.022845	0.000076	0.004718992
0.004464	0.022845	0.006158	0.022822	0.000076	0.004718992
0.006158	0.022822	0.007896	0.022967	0.000076	0.004718992
0.013826	0.021114	0.01274	0.022959	0.000047	0.001804753
0.01274	0.022959	0.011404	0.024986	0.000047	0.001804753
0.011571	0.026626	0.010842	0.028054	0.000062	0.003140548
0.010842	0.028054	0.00987	0.031592	0.000062	0.003140548
0.020245	0.002995	0.02025	0.002998	0.000062	0.003140548
0.02025	0.002998	0.02154	0.003917	0.000062	0.003140548
0.02154	0.003917	0.024063	0.005504	0.000062	0.003140548
0.01976	0.002561	0.022208	0.002459	0.000055	0.002471425
0.022208	0.002459	0.023867	0.002565	0.000055	0.002471425
0.013522	0.005238	0.013544	0.005262	0.000091	0.006765577
0.013544	0.005262	0.014995	0.006939	0.000091	0.006765577
0.014995	0.006939	0.016294	0.009478	0.000091	0.006765577
0.016294	0.009478	0.016909	0.010682	0.000091	0.006765577
0.016909	0.010682	0.017516	0.012253	0.000091	0.006765577
0.017516	0.012253	0.018382	0.015928	0.000091	0.006765577
0.016294	0.009478	0.017638	0.00993	0.000097	0.007687153
0.017638	0.00993	0.020007	0.011145	0.000097	0.007687153
0.020007	0.011145	0.021449	0.012481	0.000097	0.007687153
0.021449	0.012481	0.022193	0.012802	0.000097	0.007687153
0.022193	0.012802	0.022224	0.012815	0.000097	0.007687153
0.022193	0.012802	0.022484	0.013527	0.000096	0.007529472
0.022484	0.013527	0.022937	0.014653	0.000096	0.007529472
0.022937	0.014653	0.023287	0.015883	0.000096	0.007529472
0.021161	0.014015	0.022484	0.013527	0.000038	0.001179748
0.023014	0.011294	0.024304	0.01217	0.000072	0.004235328
0.024304	0.01217	0.024676	0.012481	0.000072	0.004235328
0.024676	0.012481	0.025378	0.013665	0.000072	0.004235328
0.025024	0.012345	0.025898	0.012982	0.000064	0.003346432
0.025898	0.012982	0.028169	0.015412	0.000064	0.003346432
0.028169	0.015412	0.029223	0.017732	0.000064	0.003346432
0.029223	0.017732	0.029232	0.017751	0.000064	0.003346432
0.027166	0.015959	0.029223	0.017732	0.000051	0.002125017
0.029223	0.017732	0.029921	0.018234	0.000051	0.002125017
0.029921	0.018234	0.030052	0.018328	0.000051	0.002125017
0.030052	0.018328	0.032284	0.020028	0.000051	0.002125017
0.029687	0.017006	0.029921	0.018234	0.000149	0.018138217
0.029921	0.018234	0.029991	0.018601	0.000149	0.018138217
0.029991	0.018601	0.030355	0.019679	0.000149	0.018138217
0.030355	0.019679	0.030917	0.022655	0.000149	0.018138217
0.029459	0.014881	0.03029	0.015402	0.000075	0.004595625
0.03029	0.015402	0.032244	0.016627	0.000075	0.004595625
0.032244	0.016627	0.034128	0.017809	0.000075	0.004595625
0.021138	0.020249	0.020649	0.019818	0.000062	0.003140548
0.020649	0.019818	0.02031	0.01952	0.000062	0.003140548
0.02031	0.01952	0.017649	0.017378	0.000062	0.003140548
0.017649	0.017378	0.017555	0.017302	0.000062	0.003140548
0.017555	0.017302	0.017082	0.016922	0.000062	0.003140548
0.017082	0.016922	0.016499	0.016452	0.000062	0.003140548
0.016499	0.016452	0.015588	0.01567	0.000062	0.003140548
0.016453	0.019763	0.016848	0.021099	0.000068	0.003777808
0.016848	0.021099	0.01785	0.023756	0.000068	0.003777808
0.01785	0.023756	0.017854	0.023772	0.000068	0.003777808
0.017854	0.023772	0.018245	0.025389	0.000068	0.003777808
0.018245	0.025389	0.018245	0.02539	0.000068	0.003777808
0.017854	0.023772	0.018951	0.02545	0.000058	0.002748388
0.018951	0.02545	0.019346	0.026262	0.000058	0.002748388
0.020667	0.013339	0.020196	0.015458	0.00007	0.0040033
0.020196	0.015458	0.020251	0.016034	0.00007	0.0040033
0.020251	0.016034	0.020325	0.016809	0.00007	0.0040033
0.020325	0.016809	0.020523	0.017773	0.00007	0.0040033
0.020523	0.017773	0.02069	0.018571	0.00007	0.0040033
0.02069	0.018571	0.020649	0.019818	0.00007	0.0040033
0.034919	0.007736	0.038601	0.006445	0.000107	0.009353833
0.038601	0.006445	0.040731	0.005624	0.000107	0.009353833
0.044311	0.003271	0.044885	0.003632	0.000059	0.002843977
0.044885	0.003632	0.046513	0.004653	0.000059	0.002843977
0.046513	0.004653	0.048031	0.005443	0.000059	0.002843977
0.048031	0.005443	0.049337	0.006475	0.000059	0.002843977
0.042154	0.004691	0.044326	0.00394	0.000051	0.002125017
0.044326	0.00394	0.044885	0.003632	0.000051	0.002125017
0.044885	0.003632	0.045844	0.003104	0.000051	0.002125017
0.050231	0.010173	0.0514	0.010841	0.000048	0.001882368
0.0514	0.010841	0.052797	0.011464	0.000048	0.001882368
0.052797	0.011464	0.054012	0.012269	0.000048	0.001882368
0.054012	0.012269	0.054347	0.012373	0.000048	0.001882368
0.054347	0.012373	0.05547	0.012724	0.000048	0.001882368
0.05547	0.012724	0.057034	0.013043	0.000048	0.001882368
0.051297	0.0259	0.053147	0.024827	0.000048	0.001882368
0.053147	0.024827	0.054999	0.024007	0.000048	0.001882368
0.054999	0.024007	0.055926	0.023734	0.000048	0.001882368
0.055926	0.023734	0.057042	0.023453	0.000048	0.001882368
0.04115	0.022337	0.040419	0.027136	0.000049	0.001961617
0.035778	0.019237	0.039404	0.020211	0.000054	0.002382372
0.039404	0.020211	0.039916	0.020427	0.000054	0.002382372
0.039916	0.020427	0.040026	0.020474	0.000054	0.002382372
0.040026	0.020474	0.041089	0.020924	0.000054	0.002382372
0.041089	0.020924	0.04238	0.021486	0.000054	0.002382372
0.043775	0.018086	0.042729	0.025525	0.000063	0.003242673
0.045498	0.02358	0.043875	0.02663	0.000059	0.002843977
0.043875	0.02663	0.04355	0.027241	0.000059	0.002843977
0.04355	0.027241	0.04268	0.028837	0.000059	0.002843977
0.04268	0.028837	0.041985	0.030111	0.000059	0.002843977
0.041985	0.030111	0.041742	0.030445	0.000059	0.002843977
0.041742	0.030445	0.040133	0.032647	0.000059	0.002843977
0.040133	0.032647	0.03956	0.033263	0.000059	0.002843977
0.03956	0.033263	0.038083	0.034849	0.000059	0.002843977
0.04268	0.028837	0.043223	0.029667	0.000071	0.004118497
0.043223	0.029667	0.044362	0.031087	0.000071	0.004118497
0.044362	0.031087	0.045455	0.03193	0.000071	0.004118497
0.045455	0.03193	0.046067	0.032181	0.000071	0.004118497
0.046067	0.032181	0.046085	0.032188	0.000071	0.004118497
0.042471	0.026175	0.043875	0.02663	0.000044	0.001581712
0.043875	0.02663	0.04481	0.026934	0.000044	0.001581712
0.04481	0.026934	0.046167	0.027427	0.000044	0.001581712
0.046167	0.027427	0.047817	0.028027	0.000044	0.001581712
0.04932	0.028498	0.051628	0.029318	0.00005	0.0020425
0.051628	0.029318	0.053056	0.030009	0.00005	0.0020425
0.053056	0.030009	0.054865	0.031178	0.00005	0.0020425
0.054865	0.031178	0.057042	0.032583	0.00005	0.0020425
0.039077	0.012834	0.039113	0.01389	0.000047	0.001804753
0.039113	0.01389	0.039138	0.014657	0.000047	0.001804753
0.039138	0.014657	0.039472	0.016327	0.000047	0.001804753
0.039472	0.016327	0.039776	0.018574	0.000047	0.001804753
0.039776	0.018574	0.040026	0.020474	0.000047	0.001804753
0.039916	0.020427	0.039951	0.02146	0.000036	0.001058832
0.03973	0.021809	0.039882	0.022758	0.000038	0.001179748
0.039639	0.022758	0.039761	0.023692	0.000032	0.000836608
0.039548	0.023988	0.03985	0.026149	0.000053	0.002294953
0.035283	0.016745	0.038561	0.014406	0.000038	0.001179748
0.038561	0.014406	0.039113	0.01389	0.000038	0.001179748
0.038822	0.024366	0.03803	0.030411	0.000115	0.010804825
0.020293	0.029014	0.021599	0.031657	0.00004	0.0013072
0.021599	0.031657	0.022389	0.033524	0.00004	0.0013072
0.022389	0.033524	0.023224	0.035772	0.00004	0.0013072
0.023224	0.035772	0.023786	0.037214	0.00004	0.0013072
0.044415	0.03376	0.043595	0.038255	0.00011	0.0098857
0.043595	0.038255	0.043838	0.039667	0.00011	0.0098857
0.043838	0.039667	0.043717	0.04155	0.00011	0.0098857
0.043717	0.04155	0.043671	0.042522	0.00011	0.0098857
0.043671	0.042522	0.044264	0.043797	0.00011	0.0098857
0.044264	0.043797	0.04437	0.044025	0.00011	0.0098857
0.044264	0.043797	0.0473	0.041246	0.000055	0.002471425
0.04066	0.043662	0.04152	0.04275	0.000028	0.000640528
0.04152	0.04275	0.04169	0.04257	0.000028	0.000640528
0.04169	0.04257	0.042122	0.042112	0.000028	0.000640528
0.042122	0.042112	0.042201	0.042	0.000028	0.000640528
0.042201	0.042	0.0432	0.040578	0.000028	0.000640528
0.029805	0.038664	0.030953	0.039363	0.000075	0.004595625
0.030953	0.039363	0.032593	0.040373	0.000075	0.004595625
0.032593	0.040373	0.034734	0.041967	0.000075	0.004595625
0.038699	0.046041	0.039503	0.045073	0.000038	0.001179748
0.039503	0.045073	0.03967	0.04483	0.000038	0.001179748
0.03967	0.04483	0.04008	0.044238	0.000038	0.001179748
0.03685	0.043689	0.03967	0.04483	0.000037	0.001118473
0.03967	0.04483	0.03967	0.04483	0.000037	0.001118473
0.0309	0.049246	0.032183	0.047229	0.000034	0.000944452
0.032183	0.047229	0.033839	0.045513	0.000034	0.000944452
0.033155	0.052179	0.033125	0.055672	0.000039	0.001242657
0.034932	0.052012	0.035129	0.053865	0.000068	0.003777808
0.046761	0.050965	0.046825	0.051577	0.000051	0.002125017
0.046825	0.051577	0.046913	0.052422	0.000051	0.002125017
0.046913	0.052422	0.048082	0.056993	0.000051	0.002125017
0.052061	0.046637	0.053306	0.046872	0.000048	0.001882368
0.053306	0.046872	0.053755	0.047108	0.000048	0.001882368
0.053755	0.047108	0.05462	0.047563	0.000048	0.001882368
0.05462	0.047563	0.057042	0.048224	0.000048	0.001882368
0.042996	0.033019	0.042046	0.036197	0.000042	0.001441188
0.042046	0.036197	0.041909	0.038429	0.000042	0.001441188
0.041909	0.038429	0.042001	0.040494	0.000042	0.001441188
0.042001	0.040494	0.042201	0.042	0.000042	0.001441188
0.013346	0.041178	0.013817	0.045551	0.000059	0.002843977
0.013817	0.045551	0.014151	0.047146	0.000059	0.002843977
0.014151	0.047146	0.013209	0.050638	0.000059	0.002843977
0.013209	0.050638	0.01242	0.05363	0.000059	0.002843977
0.02677	0.048087	0.026466	0.05082	0.00007	0.0040033
0.026466	0.05082	0.026056	0.053296	0.00007	0.0040033
0.026056	0.053296	0.026071	0.055862	0.00007	0.0040033
0.026071	0.055862	0.02595	0.057001	0.00007	0.0040033
0.042406	0.031993	0.039959	0.034372	0.000072	0.004235328
0.04645	0.03073	0.046067	0.032181	0.000091	0.006765577
0.046067	0.032181	0.045402	0.034268	0.000091	0.006765577
0.018565	0.039149	0.018565	0.03915	0.000114	0.010617732
0.018565	0.03915	0.0186	0.039477	0.000114	0.010617732
0.0186	0.039477	0.018722	0.040464	0.000114	0.010617732
0.018722	0.040464	0.018609	0.041033	0.000114	0.010617732
0.018609	0.041033	0.018403	0.042074	0.000114	0.010617732
0.018403	0.042074	0.017765	0.044032	0.000114	0.010617732
0.015216	0.040114	0.01778	0.039477	0.000059	0.002843977
0.01778	0.039477	0.018565	0.039149	0.000059	0.002843977
0.018565	0.039149	0.019893	0.038595	0.000059	0.002843977
0.015462	0.04114	0.016261	0.041383	0.000059	0.002843977
0.016261	0.041383	0.017636	0.041033	0.000059	0.002843977
0.017636	0.041033	0.018609	0.041033	0.000059	0.002843977
0.018609	0.041033	0.018767	0.041033	0.000059	0.002843977
0.018767	0.041033	0.020005	0.041147	0.000059	0.002843977
0.020005	0.041147	0.020848	0.041099	0.000059	0.002843977
0.004266	0.022859	0.004174	0.024246	0.000042	0.001441188
0.004174	0.024246	0.004371	0.025825	0.000042	0.001441188
0.003324	0.01553	0.003398	0.016631	0.000039	0.001242657
0.003398	0.016631	0.003445	0.017337	0.000039	0.001242657
0.003445	0.017337	0.003764	0.019979	0.000039	0.001242657
0.003764	0.019979	0.003901	0.020921	0.000039	0.001242657
0.016396	0.001538	0.016396	0.001538	0.000034	0.000944452
0.016396	0.001538	0.013592	0.002737	0.000034	0.000944452
0.031759	0.009567	0.031862	0.010004	0.000331	0.089511337
0.031862	0.010004	0.031976	0.010945	0.000331	0.089511337
0.031976	0.010945	0.032135	0.012297	0.000331	0.089511337
0.032135	0.012297	0.032796	0.014613	0.000331	0.089511337
0.032796	0.014613	0.034128	0.017809	0.000331	0.089511337
0.034128	0.017809	0.035457	0.020997	0.000091	0.006765577
0.035457	0.020997	0.035506	0.021116	0.000091	0.006765577
0.035506	0.021116	0.03557	0.024899	0.000091	0.006765577
0.03557	0.024899	0.036967	0.030912	0.000091	0.006765577
0.043775	0.018086	0.044344	0.019643	0.00005	0.0020425
0.044344	0.019643	0.045498	0.02358	0.00005	0.0020425
0.045498	0.02358	0.045665	0.024153	0.00005	0.0020425
0.045665	0.024153	0.046313	0.025525	0.00005	0.0020425
0.046313	0.025525	0.047908	0.026938	0.00005	0.0020425
0.037793	0.039751	0.036342	0.039463	0.000473	0.182786593
0.036342	0.039463	0.035825	0.037945	0.000473	0.182786593
0.035825	0.037945	0.035681	0.036646	0.000473	0.182786593
0.035681	0.036646	0.034405	0.03487	0.000473	0.182786593
0.034405	0.03487	0.033973	0.03367	0.000473	0.182786593
0.033973	0.03367	0.031163	0.029851	0.000473	0.182786593
0.031163	0.029851	0.030396	0.029206	0.000473	0.182786593
0.030396	0.029206	0.029842	0.02894	0.000473	0.182786593
0.029842	0.02894	0.029678	0.028814	0.000473	0.182786593
0.044667	0.052604	0.041953	0.053877	0.000079	0.005098897
0.041953	0.053877	0.04089	0.050901	0.000079	0.005098897
0.04089	0.050901	0.040404	0.049975	0.000079	0.005098897
0.040404	0.049975	0.039979	0.049307	0.000079	0.005098897
0.005464	0.044689	0.005467	0.044698	0.000087	0.006183873
0.005467	0.044698	0.005953	0.045708	0.000087	0.006183873
0.005953	0.045708	0.006241	0.046368	0.000087	0.006183873
0.006241	0.046368	0.006856	0.047211	0.000087	0.006183873
0.006856	0.047211	0.007137	0.048798	0.000087	0.006183873
0.007137	0.048798	0.007428	0.049229	0.000087	0.006183873
0.015383	0.052884	0.015487	0.053314	0.00007	0.0040033
0.015487	0.053314	0.015442	0.055682	0.00007	0.0040033
0.015442	0.055682	0.015654	0.055888	0.00007	0.0040033
0.022484	0.013527	0.024046	0.012952	0.00006	0.0029412
0.024046	0.012952	0.023014	0.011294	0.00006	0.0029412
0.023014	0.011294	0.022694	0.010781	0.00006	0.0029412
0.022694	0.010781	0.021434	0.009877	0.00006	0.0029412
0.021434	0.009877	0.020728	0.009467	0.00006	0.0029412
