1907					
13.513	9.035	13.513	9.036	0.0018	2.64708
7.665	14.054	7.665	14.055	0.0018	2.64708
1.703	12.849	1.703	12.85	0.0018	2.64708
9.871	8.106	9.871	8.105	0.0018	2.64708
1.537	12.707	1.538	12.708	0.0015	1.83825
14.11	4.068	14.111	4.069	0.0015	1.83825
9.6	17.398	9.6	17.4	0.0018	2.64708
11.526	8.729	11.526	8.727	0.0018	2.64708
4.994	7.84	4.994	7.842	0.0018	2.64708
10.824	10.862	10.824	10.864	0.0018	2.64708
14.371	2.429	14.373	2.43	0.0015	1.83825
5.953	5.63	5.955	5.631	0.0015	1.83825
11.315	8.446	11.317	8.447	0.0015	1.83825
12.939	10.459	12.941	10.46	0.0015	1.83825
6.721	11.957	6.723	11.959	0.0015	1.83825
5.236	14.082	5.234	14.08	0.0015	1.83825
8.575	2.134	8.577	2.136	0.0015	1.83825
14.713	8.786	14.713	8.789	0.0018	2.64708
4.05	3.782	4.05	3.785	0.0018	2.64708
9.565	15.104	9.565	15.107	0.0018	2.64708
9.562	15.103	9.565	15.104	0.0015	1.83825
10.311	5.91	10.314	5.911	0.0015	1.83825
8.835	4.692	8.836	4.695	0.0023	4.32193
6.821	6.991	6.822	6.994	0.0023	4.32193
5.87	15.295	5.872	15.292	0.001	0.817
4.534	9.382	4.537	9.384	0.0015	1.83825
11.218	11.815	11.215	11.812	0.0015	1.83825
5.137	11.217	5.141	11.219	0.0015	1.83825
5.132	2.618	5.136	2.62	0.0015	1.83825
10.45	4.105	10.454	4.107	0.0015	1.83825
3.662	7.259	3.666	7.262	0.0015	1.83825
9.562	15.103	9.565	15.107	0.0023	4.32193
12.778	4.624	12.778	4.629	0.0018	2.64708
6.906	6.621	6.906	6.626	0.0018	2.64708
4.482	2.938	4.485	2.942	0.0023	4.32193
2.67	6.266	2.674	6.269	0.0015	1.83825
10.013	3.941	10.013	3.946	0.0018	2.64708
9.752	2.269	9.757	2.271	0.0015	1.83825
7.812	12.799	7.817	12.802	0.0015	1.83825
13.309	11.27	13.31	11.264	0.0018	2.64708
10.468	15.586	10.474	15.588	0.0015	1.83825
4.484	2.932	4.482	2.938	0.001	0.817
12.626	10.34	12.62	10.338	0.0015	1.83825
11.519	12.722	11.521	12.716	0.001	0.817
13.749	12.119	13.745	12.114	0.0023	4.32193
6.248	14.681	6.251	14.675	0.001	0.817
4.488	14.298	4.487	14.291	0.0018	2.64708
7.362	6.681	7.361	6.688	0.0018	2.64708
10.461	4.109	10.465	4.115	0.0023	4.32193
8.674	7.537	8.68	7.541	0.0015	1.83825
1.921	6.56	1.918	6.567	0.001	0.817
16.881	8.941	16.881	8.949	0.0018	2.64708
6.963	15.312	6.963	15.32	0.0018	2.64708
3.958	1.542	3.965	1.546	0.0015	1.83825
13.935	5.545	13.936	5.553	0.0018	2.64708
0.532	9.798	0.531	9.79	0.0018	2.64708
3.797	11.448	3.799	11.456	0.0023	4.32193
3.776	14.632	3.782	14.638	0.0015	1.83825
8.157	16.462	8.163	16.468	0.0015	1.83825
5.58	2.83	5.583	2.822	0.001	0.817
1.515	6.176	1.523	6.18	0.0015	1.83825
7.382	2.149	7.39	2.153	0.0015	1.83825
16.481	7.451	16.482	7.46	0.0018	2.64708
6.788	13.779	6.787	13.788	0.0018	2.64708
7.751	11.083	7.76	11.085	0.0015	1.83825
6.1	9.325	6.106	9.332	0.0023	4.32193
7.579	4.364	7.588	4.368	0.0015	1.83825
9.818	8.775	9.818	8.765	0.0018	2.64708
6.942	15.568	6.934	15.562	0.0015	1.83825
7.546	6.825	7.554	6.831	0.0015	1.83825
4.485	2.942	4.484	2.932	0.0018	2.64708
7.817	12.972	7.815	12.982	0.0018	2.64708
1.466	12.09	1.469	12.1	0.0023	4.32193
4.271	14.598	4.274	14.608	0.0023	4.32193
8.101	13.101	8.105	13.111	0.0023	4.32193
14.02	6.73	14.03	6.735	0.0015	1.83825
0.83	10.297	0.834	10.308	0.0023	4.32193
10.45	4.105	10.461	4.109	0.0015	1.83825
16.843	8.21	16.843	8.222	0.0018	2.64708
16.758	10.543	16.758	10.555	0.0018	2.64708
8.68	8.528	8.681	8.54	0.0018	2.64708
8.577	2.136	8.58	2.148	0.0023	4.32193
4.814	7.888	4.825	7.894	0.0015	1.83825
0.844	10.316	0.834	10.308	0.0015	1.83825
15.119	12	15.131	12.005	0.0015	1.83825
7.147	4.618	7.148	4.605	0.0018	2.64708
4.975	5.312	4.976	5.325	0.0018	2.64708
2.751	5.407	2.748	5.42	0.0018	2.64708
10.454	4.107	10.465	4.115	0.0015	1.83825
7.365	2.333	7.366	2.319	0.0018	2.64708
7.469	14.002	7.47	13.988	0.0018	2.64708
15.119	12	15.121	12.014	0.0018	2.64708
3.799	11.456	3.813	11.459	0.0015	1.83825
8.784	10.606	8.785	10.621	0.0018	2.64708
14.922	10.443	14.936	10.449	0.0015	1.83825
9.943	7.69	9.932	7.679	0.0015	1.83825
6.75	5.609	6.74	5.597	0.0023	4.32193
10.328	8.48	10.34	8.49	0.0015	1.83825
7.352	2.324	7.365	2.333	0.0015	1.83825
8.803	11.26	8.804	11.276	0.0018	2.64708
4.134	3.619	4.126	3.633	0.001	0.817
1.918	6.567	1.93	6.579	0.0015	1.83825
6.82	5.21	6.82	5.227	0.0018	2.64708
12.673	10.463	12.667	10.479	0.001	0.817
4.38	1.928	4.378	1.911	0.0018	2.64708
9.398	13.596	9.401	13.613	0.0023	4.32193
3.573	14.023	3.586	14.035	0.0015	1.83825
6.77	13.805	6.787	13.81	0.0015	1.83825
11.11	14.262	11.127	14.267	0.0015	1.83825
6.738	12.234	6.754	12.242	0.0015	1.83825
17.187	7.027	17.194	7.044	0.0023	4.32193
5.364	15.918	5.368	15.936	0.0023	4.32193
6.337	1.907	6.332	1.925	0.001	0.817
13.76	3.367	13.768	3.384	0.0023	4.32193
3.797	11.448	3.813	11.459	0.0015	1.83825
6.104	7.727	6.106	7.747	0.0018	2.64708
7.361	6.688	7.359	6.708	0.0018	2.64708
16.615	6.825	16.618	6.845	0.0018	2.64708
4.134	3.619	4.141	3.638	0.0023	4.32193
6.073	5.975	6.09	5.986	0.0015	1.83825
5.213	11.497	5.217	11.517	0.0023	4.32193
9.584	15.34	9.604	15.345	0.0015	1.83825
14.837	9.628	14.818	9.62	0.0015	1.83825
4.971	5.028	4.957	5.012	0.0023	4.32193
0.953	7.622	0.963	7.641	0.0023	4.32193
6.128	6.137	6.136	6.157	0.0023	4.32193
6.787	13.788	6.787	13.81	0.0018	2.64708
11.056	8.087	11.058	8.109	0.0018	2.64708
7.689	9.415	7.709	9.425	0.0015	1.83825
5.484	16.551	5.488	16.573	0.0023	4.32193
15.738	3.956	15.754	3.972	0.0015	1.83825
14.627	7.04	14.628	7.063	0.0018	2.64708
8.673	6.987	8.67	7.01	0.0018	2.64708
17.07	9.074	17.065	9.097	0.0018	2.64708
12.683	10.441	12.673	10.463	0.001	0.817
2.898	7.575	2.917	7.591	0.0015	1.83825
5.003	6.44	5.004	6.465	0.0018	2.64708
12.74	10.477	12.761	10.491	0.0015	1.83825
3.928	12.933	3.932	12.958	0.0018	2.64708
12.661	10.428	12.683	10.441	0.0015	1.83825
6.612	0.939	6.605	0.964	0.001	0.817
15.14	13.01	15.147	13.035	0.0023	4.32193
9.065	7.22	9.088	7.233	0.0015	1.83825
7.655	1.973	7.677	1.988	0.0015	1.83825
10.358	16.871	10.335	16.857	0.0015	1.83825
13.276	2.044	13.276	2.071	0.0018	2.64708
9.582	15.313	9.584	15.34	0.0018	2.64708
8.741	6.386	8.737	6.413	0.0018	2.64708
3.534	13.896	3.562	13.897	0.0007625	0.47500890625
7.319	2.556	7.342	2.573	0.0015	1.83825
4.947	4.857	4.949	4.886	0.0018	2.64708
4.147	3.593	4.134	3.619	0.001	0.817
7.107	7.193	7.086	7.172	0.0015	1.83825
4.071	8.269	4.098	8.282	0.0015	1.83825
10.439	7.395	10.436	7.425	0.0018	2.64708
11.915	3.32	11.911	3.35	0.0018	2.64708
5.801	2.142	5.81	2.113	0.001	0.817
17.27	8.21	17.263	8.24	0.0018	2.64708
1.115	10.202	1.122	10.232	0.0023	4.32193
4.321	5.293	4.329	5.323	0.0023	4.32193
10.535	12.289	10.54	12.32	0.0018	2.64708
15.121	13.017	15.147	13.035	0.0015	1.83825
6.77	13.805	6.788	13.779	0.001	0.817
4.119	3.578	4.147	3.593	0.0015	1.83825
5.217	11.517	5.246	11.53	0.0015	1.83825
11.514	10.28	11.531	10.307	0.0023	4.32193
8.594	14.353	8.606	14.383	0.0023	4.32193
6.449	4.35	6.479	4.364	0.0015	1.83825
5.136	2.62	5.161	2.642	0.0015	1.83825
13.722	12.099	13.749	12.119	0.0015	1.83825
8.256	14.944	8.271	14.975	0.0023	4.32193
11.986	1.835	12.012	1.858	0.0015	1.83825
5.929	9.154	5.96	9.17	0.0015	1.83825
6.838	16.784	6.835	16.819	0.0018	2.64708
4.378	4.16	4.393	4.192	0.0023	4.32193
7.015	4.586	6.992	4.559	0.0023	4.32193
5.716	12.492	5.748	12.508	0.0015	1.83825
5.775	5.109	5.806	5.127	0.0015	1.83825
3.961	3.224	3.994	3.238	0.0015	1.83825
9.932	15.14	9.968	15.144	0.0007625	0.47500890625
13.818	4.437	13.822	4.473	0.0018	2.64708
3.956	3.187	3.961	3.224	0.0018	2.64708
16.579	5.244	16.606	5.27	0.0015	1.83825
9.884	7.658	9.885	7.62	0.0018	2.64708
9.582	15.313	9.604	15.345	0.0023	4.32193
11.279	13.499	11.306	13.527	0.0023	4.32193
12.635	10.088	12.673	10.103	0.0015	1.83825
14.689	5.115	14.709	5.151	0.0023	4.32193
6.469	14.257	6.488	14.22	0.001	0.817
9.795	12.126	9.828	12.152	0.0015	1.83825
3.313	4.342	3.349	4.364	0.0015	1.83825
8.642	7.684	8.675	7.711	0.0015	1.83825
8.006	6.114	8.036	6.145	0.0023	4.32193
4.119	3.578	4.134	3.619	0.0023	4.32193
4.7	6.697	4.712	6.739	0.0023	4.32193
9.626	1.459	9.633	1.503	0.0018	2.64708
10.409	16.55	10.416	16.506	0.0018	2.64708
3.932	12.958	3.94	13.002	0.0023	4.32193
4.288	3.32	4.266	3.361	0.001	0.817
11.058	8.109	11.089	8.144	0.0023	4.32193
2.12	9.927	2.153	9.961	0.0023	4.32193
7.447	8.77	7.482	8.802	0.0015	1.83825
2.877	4.93	2.865	4.976	0.0018	2.64708
5.002	6.392	5.003	6.44	0.0018	2.64708
11.962	2.893	11.957	2.941	0.0018	2.64708
16.568	7.793	16.527	7.767	0.0015	1.83825
7.67	9.396	7.709	9.425	0.0015	1.83825
16.618	6.845	16.658	6.873	0.0015	1.83825
9.856	3.88	9.899	3.904	0.0015	1.83825
12.721	6.422	12.762	6.451	0.0015	1.83825
7.45	8.508	7.494	8.533	0.0015	1.83825
4.94	4.009	4.94	4.061	0.0018	2.64708
5.496	11.898	5.511	11.948	0.0023	4.32193
12.555	15.486	12.582	15.531	0.0023	4.32193
13.214	11.734	13.262	11.758	0.0015	1.83825
14.098	11.605	14.059	11.568	0.0015	1.83825
7.442	12.816	7.492	12.838	0.0015	1.83825
14.263	4.14	14.311	4.167	0.0015	1.83825
8.681	8.54	8.727	8.571	0.0015	1.83825
4.236	6.294	4.277	6.333	0.0015	1.83825
9.876	3.062	9.903	3.112	0.0023	4.32193
13.513	9.035	13.461	9.012	0.0015	1.83825
15.343	12.766	15.301	12.726	0.0015	1.83825
10.273	9.022	10.324	9.05	0.0015	1.83825
7.768	14.926	7.826	14.931	0.0007625	0.47500890625
2.557	6.673	2.592	6.72	0.0023	4.32193
7.064	8.56	7.115	8.59	0.0015	1.83825
5.179	15.301	5.196	15.358	0.0023	4.32193
8.336	14.982	8.39	15.007	0.0015	1.83825
8.623	7.285	8.672	7.319	0.0015	1.83825
9.799	8.395	9.845	8.433	0.0015	1.83825
4.667	16.104	4.714	16.141	0.0015	1.83825
10.433	11.388	10.44	11.448	0.0018	2.64708
7.595	0.754	7.591	0.693	0.0018	2.64708
5.666	12.456	5.716	12.492	0.0015	1.83825
8.486	12.906	8.54	12.936	0.0015	1.83825
12.882	13.044	12.942	13.06	0.0015	1.83825
7.944	3.018	7.973	3.073	0.0023	4.32193
7.212	3.932	7.218	3.87	0.0018	2.64708
9.5	14.309	9.505	14.372	0.0018	2.64708
0.478	9.297	0.472	9.234	0.0018	2.64708
8.073	14.572	8.106	14.627	0.0023	4.32193
10.273	9.022	10.266	9.086	0.0018	2.64708
10.279	8.957	10.273	9.022	0.0018	2.64708
8.271	14.975	8.336	14.982	0.0007625	0.47500890625
6.83	6.375	6.886	6.41	0.0015	1.83825
7.529	0.67	7.591	0.693	0.0015	1.83825
4.876	8.633	4.936	8.662	0.0015	1.83825
2.436	5.021	2.414	5.084	0.001	0.817
9.884	7.658	9.943	7.69	0.0015	1.83825
8.727	13.338	8.753	13.4	0.0023	4.32193
8.057	3.23	8.12	3.254	0.0015	1.83825
12.683	10.441	12.74	10.477	0.0015	1.83825
5.748	2.084	5.81	2.113	0.0015	1.83825
15.121	12.944	15.14	13.01	0.0023	4.32193
7.212	3.932	7.278	3.951	0.0015	1.83825
5.018	14.495	5.032	14.563	0.0023	4.32193
0.472	9.234	0.537	9.259	0.0015	1.83825
6.191	14.773	6.261	14.78	0.0007625	0.47500890625
2.475	4.877	2.461	4.947	0.0018	2.64708
5.431	11.867	5.496	11.898	0.0015	1.83825
15.121	12.944	15.121	13.017	0.0018	2.64708
11.697	8.357	11.627	8.336	0.0015	1.83825
7.551	4.771	7.619	4.798	0.0015	1.83825
14.571	6.991	14.627	7.04	0.0015	1.83825
16.663	8.703	16.666	8.778	0.0018	2.64708
14.628	7.063	14.694	7.099	0.0015	1.83825
9.932	7.679	9.885	7.62	0.0023	4.32193
4.923	5.592	4.983	5.638	0.0015	1.83825
7.56	0.171	7.56	0.095	0.0018	2.64708
14.618	8.177	14.682	8.218	0.0015	1.83825
7.973	3.012	8.036	3.055	0.0015	1.83825
2.865	4.976	2.94	4.994	0.0015	1.83825
3.94	13.002	4.017	13.012	0.0007625	0.47500890625
8.987	5.008	8.974	5.085	0.0018	2.64708
16.739	10.202	16.743	10.28	0.0018	2.64708
2.461	4.947	2.436	5.021	0.001	0.817
3.994	10.961	4.065	10.994	0.0015	1.83825
3.581	2.151	3.61	2.224	0.0023	4.32193
5.748	2.084	5.801	2.142	0.0023	4.32193
4.944	4.518	4.945	4.597	0.0018	2.64708
12.778	10.544	12.847	10.584	0.0015	1.83825
4.927	2.557	4.928	2.637	0.0018	2.64708
13.97	6.03	14.039	6.071	0.0015	1.83825
4.821	13.655	4.839	13.734	0.0023	4.32193
8.979	15.017	9.052	15.053	0.0015	1.83825
0.537	9.259	0.559	9.338	0.0023	4.32193
9.401	13.613	9.415	13.694	0.0023	4.32193
4.639	15.382	4.628	15.3	0.0018	2.64708
7.601	9.37	7.608	9.453	0.0018	2.64708
2.071	6.082	2.044	6.161	0.001	0.817
11.08	7.741	11.018	7.685	0.0015	1.83825
13.537	11.388	13.615	11.418	0.0015	1.83825
5.924	1.76	5.95	1.68	0.001	0.817
10.843	9.235	10.889	9.306	0.0023	4.32193
7.762	2.944	7.754	2.859	0.0018	2.64708
4.736	13.644	4.821	13.655	0.0007625	0.47500890625
6.553	7.139	6.631	7.176	0.0015	1.83825
6.868	6.214	6.876	6.301	0.0018	2.64708
8.256	14.944	8.336	14.982	0.0015	1.83825
14.627	7.04	14.694	7.099	0.0015	1.83825
2.877	4.93	2.94	4.994	0.0015	1.83825
7.419	16.753	7.485	16.814	0.0015	1.83825
10.889	9.306	10.937	9.382	0.0023	4.32193
0.478	9.297	0.559	9.338	0.0015	1.83825
7.446	5.758	7.438	5.85	0.0018	2.64708
4.866	4.549	4.945	4.597	0.0015	1.83825
1.713	9.435	1.798	9.472	0.0015	1.83825
13.205	2.011	13.276	2.071	0.0015	1.83825
3.941	3.095	3.956	3.187	0.0018	2.64708
9.7	16.392	9.623	16.336	0.0015	1.83825
12.47	7.442	12.553	7.49	0.0015	1.83825
7.527	1	7.612	1.045	0.0015	1.83825
6.673	11.212	6.688	11.308	0.0018	2.64708
17.402	7.594	17.437	7.685	0.0023	4.32193
11.82	6.47	11.905	6.518	0.0015	1.83825
8.508	1.907	8.594	1.954	0.0015	1.83825
10.155	11.265	10.215	11.343	0.0023	4.32193
8.707	11.258	8.804	11.276	0.0015	1.83825
4.084	13.821	4.107	13.917	0.0023	4.32193
7.601	9.37	7.689	9.415	0.0015	1.83825
7.944	3.018	8.036	3.055	0.0015	1.83825
2.656	6.171	2.674	6.269	0.0023	4.32193
6.136	6.157	6.175	6.249	0.0023	4.32193
3.008	8.083	3.026	8.182	0.0023	4.32193
7.218	3.87	7.278	3.951	0.0023	4.32193
5.002	6.392	5.094	6.436	0.0015	1.83825
14.514	6.318	14.603	6.369	0.0015	1.83825
8.957	3.466	8.977	3.567	0.0023	4.32193
10.279	8.957	10.324	9.05	0.0023	4.32193
8.937	3.364	8.957	3.466	0.0023	4.32193
12.721	8.67	12.786	8.754	0.0023	4.32193
6.75	5.609	6.841	5.664	0.0015	1.83825
7.529	0.67	7.595	0.754	0.0023	4.32193
10.324	9.05	10.371	9.146	0.0023	4.32193
3.478	2.12	3.581	2.151	0.0015	1.83825
4.821	13.655	4.928	13.67	0.0007625	0.47500890625
2.61	4.167	2.694	4.235	0.0015	1.83825
6.191	14.773	6.248	14.681	0.001	0.817
9.818	8.765	9.827	8.657	0.0018	2.64708
4.441	2.515	4.43	2.407	0.0018	2.64708
6.876	6.301	6.886	6.41	0.0018	2.64708
13.039	15.648	13.089	15.746	0.0023	4.32193
15.614	3.396	15.588	3.287	0.0023	4.32193
10.136	6.892	10.051	6.816	0.0015	1.83825
6.261	14.78	6.375	14.791	0.0007625	0.47500890625
11.627	8.336	11.549	8.25	0.0023	4.32193
10.99	12.346	11.042	12.45	0.0023	4.32193
10.349	16.449	10.409	16.55	0.0023	4.32193
10.153	4.894	10.264	4.933	0.0015	1.83825
4.599	15.826	4.69	15.901	0.0015	1.83825
8.677	13.231	8.727	13.338	0.0023	4.32193
5.737	4.997	5.775	5.109	0.0023	4.32193
5.801	2.142	5.882	2.229	0.0023	4.32193
4.017	13.012	3.928	12.933	0.0015	1.83825
9.293	4.932	9.325	5.047	0.0023	4.32193
13.432	11.331	13.537	11.388	0.0015	1.83825
16.33	4.791	16.349	4.909	0.0018	2.64708
1.907	12.47	1.995	12.552	0.0015	1.83825
10.266	9.086	10.371	9.146	0.0015	1.83825
10.385	7.926	10.492	7.983	0.0015	1.83825
9.899	3.904	10.013	3.946	0.0015	1.83825
9.994	3.82	10.013	3.941	0.0018	2.64708
7.499	12.498	7.499	12.375	0.0018	2.64708
12.605	14.795	12.721	14.836	0.0015	1.83825
4.008	3.52	4.119	3.578	0.0015	1.83825
10.388	11.567	10.465	11.666	0.0023	4.32193
4.583	12.677	4.62	12.797	0.0023	4.32193
6.862	6.088	6.868	6.214	0.0018	2.64708
4.949	4.886	4.957	5.012	0.0018	2.64708
12.847	10.584	12.761	10.491	0.0023	4.32193
1.538	12.708	1.664	12.724	0.0007625	0.47500890625
4.542	3.486	4.658	3.538	0.0015	1.83825
7.665	14.055	7.788	14.088	0.0015	1.83825
4.25	4.896	4.272	5.022	0.0023	4.32193
12.667	10.479	12.778	10.544	0.0015	1.83825
8.023	12.902	8.139	12.958	0.0015	1.83825
11.715	12.769	11.841	12.798	0.0015	1.83825
4.848	2.893	4.931	2.993	0.0023	4.32193
9.908	6.806	9.912	6.676	0.0018	2.64708
3.606	10.748	3.633	10.876	0.0023	4.32193
1.664	12.724	1.703	12.849	0.0023	4.32193
10.639	12.871	10.662	13.001	0.0023	4.32193
3.573	14.023	3.534	13.896	0.0023	4.32193
0.915	9.406	0.947	9.535	0.0023	4.32193
12.057	7.817	12.14	7.923	0.0023	4.32193
7.496	12.633	7.499	12.498	0.0018	2.64708
6.726	5.113	6.82	5.21	0.0023	4.32193
14.772	9.255	14.893	9.316	0.0015	1.83825
7.778	11.591	7.907	11.635	0.0015	1.83825
11.521	12.716	11.562	12.586	0.001	0.817
4.839	13.734	4.736	13.644	0.0015	1.83825
11.066	0.444	11.074	0.581	0.0018	2.64708
13.31	11.264	13.432	11.331	0.0015	1.83825
4.088	8.561	4.215	8.618	0.0015	1.83825
6.204	15.012	6.103	14.916	0.0015	1.83825
8.223	0.931	8.258	1.067	0.0023	4.32193
10.328	8.48	10.314	8.62	0.0018	2.64708
5.995	7.66	6.106	7.747	0.0015	1.83825
7.685	13.913	7.665	14.054	0.0018	2.64708
14.373	2.43	14.386	2.572	0.0018	2.64708
0.561	8.109	0.621	8.239	0.0023	4.32193
7.417	14.892	7.425	14.749	0.0018	2.64708
2.071	6.082	2.177	6.18	0.0015	1.83825
10.149	8.688	10.212	8.818	0.0023	4.32193
16.297	13.945	16.243	13.811	0.0023	4.32193
2.722	4.942	2.865	4.976	0.0015	1.83825
5.48	0.969	5.413	1.1	0.001	0.817
6.652	0.797	6.612	0.939	0.001	0.817
17.315	8.069	17.27	8.21	0.001	0.817
10.44	11.448	10.574	11.511	0.0015	1.83825
9.759	5.967	9.889	6.038	0.0015	1.83825
13.015	11.986	13.15	12.047	0.0015	1.83825
10.294	8.809	10.279	8.957	0.0018	2.64708
6.835	17.419	6.835	17.571	0.0018	2.64708
6.854	15.206	6.963	15.312	0.0015	1.83825
3.941	3.095	3.994	3.238	0.0023	4.32193
6.006	6.077	6.136	6.157	0.0015	1.83825
11.526	8.727	11.533	8.573	0.0018	2.64708
12.541	10.331	12.661	10.428	0.0015	1.83825
10.212	8.818	10.279	8.957	0.0023	4.32193
17.658	6.991	17.611	7.138	0.001	0.817
3.187	2.874	3.328	2.938	0.0015	1.83825
4.544	16.008	4.667	16.104	0.0015	1.83825
10.802	9.397	10.805	9.553	0.0018	2.64708
4.107	13.917	4.263	13.922	0.0007625	0.47500890625
17.484	7.536	17.437	7.685	0.001	0.817
11.562	12.586	11.608	12.436	0.001	0.817
6.74	16.516	6.851	16.627	0.0015	1.83825
2.153	9.961	2.296	10.027	0.0015	1.83825
6.851	16.627	6.838	16.784	0.0018	2.64708
0.436	8.903	0.479	9.055	0.0023	4.32193
9.704	8.557	9.827	8.657	0.0015	1.83825
5.277	11.829	5.431	11.867	0.0015	1.83825
12.553	7.49	12.641	7.622	0.0023	4.32193
13.897	3.477	13.768	3.384	0.0015	1.83825
8.784	5.255	8.933	5.312	0.0015	1.83825
8.69	6.828	8.673	6.987	0.0018	2.64708
8.297	13.598	8.356	13.747	0.0023	4.32193
15.98	9.563	16.117	9.647	0.0015	1.83825
13.883	10.041	14.033	10.099	0.0015	1.83825
14.552	11.08	14.628	11.222	0.0023	4.32193
12.772	5.315	12.911	5.398	0.0015	1.83825
6.435	1.561	6.391	1.717	0.001	0.817
1.969	6.405	1.921	6.56	0.001	0.817
15.88	4.493	15.842	4.335	0.0023	4.32193
4.274	2.36	4.43	2.407	0.0015	1.83825
3.278	13.077	3.242	12.917	0.0023	4.32193
6.033	6.889	6.047	7.053	0.0018	2.64708
6.757	6.839	6.821	6.991	0.0023	4.32193
7.438	5.85	7.423	6.015	0.0018	2.64708
6.992	4.559	7.147	4.618	0.0015	1.83825
2.917	7.591	2.948	7.755	0.0023	4.32193
11.578	7.635	11.587	7.468	0.0018	2.64708
4.126	3.633	4.05	3.782	0.001	0.817
6.103	14.916	6.191	14.773	0.001	0.817
6.248	14.681	6.375	14.791	0.0015	1.83825
14.603	6.369	14.609	6.537	0.0018	2.64708
4.203	5.647	4.326	5.763	0.0015	1.83825
14.11	4.068	14.263	4.14	0.0015	1.83825
4.944	4.518	5.089	4.606	0.0015	1.83825
8.359	1.825	8.508	1.907	0.0015	1.83825
14.96	11.939	15.119	12	0.0015	1.83825
7.366	2.319	7.382	2.149	0.0018	2.64708
4.378	1.911	4.36	1.741	0.0018	2.64708
6.073	5.975	6.128	6.137	0.0023	4.32193
16.73	10.031	16.739	10.202	0.0018	2.64708
11.772	14.154	11.927	14.227	0.0015	1.83825
17.367	7.904	17.315	8.069	0.001	0.817
7.812	12.799	7.817	12.972	0.0018	2.64708
0.531	9.79	0.513	9.617	0.0018	2.64708
10.385	7.926	10.367	8.099	0.0018	2.64708
8.674	7.537	8.675	7.711	0.0018	2.64708
4.488	14.298	4.615	14.419	0.0015	1.83825
4.05	3.785	4.081	3.958	0.0023	4.32193
9.752	2.269	9.78	2.443	0.0018	2.64708
7.646	1.631	7.636	1.455	0.0018	2.64708
11.562	12.586	11.733	12.63	0.0015	1.83825
4.876	6.56	5.002	6.684	0.0015	1.83825
15.795	4.144	15.754	3.972	0.0023	4.32193
0.436	8.903	0.417	8.727	0.0018	2.64708
1.737	7.988	1.821	8.144	0.0023	4.32193
10.937	9.382	11.033	9.531	0.0023	4.32193
7.869	6.285	8.021	6.377	0.0015	1.83825
3.51	1.945	3.478	2.12	0.0018	2.64708
7.973	3.073	8.057	3.23	0.0023	4.32193
17.611	7.138	17.557	7.308	0.001	0.817
8.065	5.692	8.054	5.872	0.0018	2.64708
2.049	12.948	2.025	12.768	0.0018	2.64708
8.329	10.957	8.471	11.071	0.0015	1.83825
14.713	8.789	14.736	8.97	0.0018	2.64708
3.192	3.681	3.159	3.861	0.0018	2.64708
11.602	7.157	11.61	6.974	0.0018	2.64708
7.778	3.127	7.762	2.944	0.0018	2.64708
4.024	10.017	4.179	10.117	0.0015	1.83825
7.306	2.952	7.323	2.766	0.0018	2.64708
10.433	11.388	10.574	11.511	0.0015	1.83825
4.215	8.618	4.387	8.694	0.0015	1.83825
13.9	5.209	14.054	5.317	0.0015	1.83825
3.129	8.612	3.301	8.689	0.0015	1.83825
13.945	9.932	14.033	10.099	0.0023	4.32193
10.149	8.688	10.294	8.809	0.0015	1.83825
13.855	4.788	13.875	4.976	0.0018	2.64708
7.425	14.749	7.436	14.56	0.0018	2.64708
10.314	8.62	10.294	8.809	0.0018	2.64708
5.061	2.177	4.943	2.028	0.0023	4.32193
17.335	7.416	17.402	7.594	0.0023	4.32193
0.513	9.617	0.669	9.727	0.0015	1.83825
17.335	7.416	17.484	7.536	0.0015	1.83825
5.448	16.363	5.484	16.551	0.0023	4.32193
2.821	3.054	2.785	3.242	0.0018	2.64708
3.581	2.151	3.766	2.207	0.0015	1.83825
7.323	2.766	7.342	2.573	0.0018	2.64708
6.787	13.81	6.972	13.869	0.0015	1.83825
6.243	6.99	6.37	7.138	0.0023	4.32193
6.832	5.469	6.841	5.664	0.0018	2.64708
5.251	3.723	5.383	3.867	0.0023	4.32193
4.94	4.061	5.08	4.198	0.0015	1.83825
2.045	13.144	2.049	12.948	0.0018	2.64708
7.762	2.944	7.944	3.018	0.0015	1.83825
15.842	4.335	15.795	4.144	0.0023	4.32193
15.444	3.153	15.588	3.287	0.0015	1.83825
10.051	6.816	9.912	6.676	0.0015	1.83825
2.284	4.827	2.475	4.877	0.0015	1.83825
6.391	1.717	6.337	1.907	0.001	0.817
11.869	11.619	11.933	11.432	0.001	0.817
11.805	11.806	11.869	11.619	0.001	0.817
14.476	13.49	14.669	13.538	0.0015	1.83825
11.841	12.798	11.733	12.63	0.0023	4.32193
12.398	15.453	12.582	15.531	0.0015	1.83825
5.413	1.1	5.323	1.279	0.001	0.817
11.519	12.722	11.715	12.769	0.0015	1.83825
4.799	2.311	4.708	2.491	0.001	0.817
10.644	10.772	10.824	10.864	0.0015	1.83825
7.229	6.133	7.403	6.236	0.0015	1.83825
7.482	5.559	7.446	5.758	0.0018	2.64708
6.841	5.664	6.851	5.866	0.0018	2.64708
1.065	10.006	1.115	10.202	0.0023	4.32193
5.497	14.144	5.694	14.191	0.0015	1.83825
7.469	14.002	7.665	14.055	0.0015	1.83825
7.685	13.913	7.788	14.088	0.0023	4.32193
2.592	6.72	2.774	6.811	0.0015	1.83825
4.259	7.219	4.39	7.375	0.0023	4.32193
5.488	16.573	5.525	16.774	0.0023	4.32193
7.492	12.838	7.496	12.633	0.0018	2.64708
13.936	5.553	14.097	5.682	0.0015	1.83825
9.565	15.107	9.582	15.313	0.0018	2.64708
16.717	7.447	16.751	7.651	0.0018	2.64708
7.403	6.236	7.384	6.442	0.0018	2.64708
10.153	4.894	10.184	5.099	0.0018	2.64708
4.708	2.491	4.614	2.676	0.001	0.817
10.907	6.591	10.933	6.797	0.0018	2.64708
4.487	14.291	4.458	14.085	0.0018	2.64708
12.761	10.491	12.62	10.338	0.0023	4.32193
5.96	9.17	6.1	9.325	0.0023	4.32193
2.155	10.302	2.172	10.511	0.0018	2.64708
6.087	7.518	6.104	7.727	0.0018	2.64708
3.782	14.638	3.704	14.443	0.0023	4.32193
5.694	14.191	5.848	14.334	0.0015	1.83825
7.751	11.083	7.769	11.293	0.0018	2.64708
6.886	6.41	6.906	6.621	0.0018	2.64708
0.479	9.055	0.537	9.259	0.0023	4.32193
10.461	7.184	10.439	7.395	0.0018	2.64708
8.023	12.902	8.101	13.101	0.0023	4.32193
4.927	2.557	5.132	2.618	0.0015	1.83825
3.083	3.206	3.255	3.336	0.0015	1.83825
7.788	14.088	7.997	14.144	0.0015	1.83825
8.021	6.377	8.007	6.593	0.0018	2.64708
9.5	14.309	9.695	14.405	0.0015	1.83825
4.473	13.068	4.689	13.094	0.0007625	0.47500890625
1.538	12.708	1.703	12.85	0.0015	1.83825
14.486	7.674	14.66	7.805	0.0015	1.83825
8.672	7.319	8.674	7.537	0.0018	2.64708
2.025	12.768	1.995	12.552	0.0018	2.64708
8.959	13.884	9.045	14.085	0.0023	4.32193
2.96	3.918	3.1	4.086	0.0023	4.32193
5.004	6.465	5.002	6.684	0.0018	2.64708
15.454	3.665	15.458	3.884	0.0018	2.64708
16.38	5.129	16.41	5.346	0.0018	2.64708
14.228	4.282	14.399	4.419	0.0015	1.83825
0.915	9.406	1.119	9.486	0.0015	1.83825
5.929	7.366	6.087	7.518	0.0015	1.83825
10.44	11.448	10.465	11.666	0.0018	2.64708
16.003	3.671	16.167	3.817	0.0015	1.83825
9.333	1.137	9.353	1.356	0.0018	2.64708
10.167	15.502	10.273	15.695	0.0023	4.32193
5.484	16.551	5.654	16.691	0.0015	1.83825
16.125	13.523	16.041	13.319	0.0023	4.32193
7.423	6.015	7.403	6.236	0.0018	2.64708
16.349	4.909	16.38	5.129	0.0018	2.64708
6.851	5.866	6.862	6.088	0.0018	2.64708
11.93	7.632	12.057	7.817	0.0023	4.32193
9.827	8.657	9.845	8.433	0.0018	2.64708
0.669	9.727	0.73	9.944	0.0023	4.32193
16.383	14.154	16.297	13.945	0.0023	4.32193
4.689	13.094	4.741	13.314	0.0023	4.32193
6.835	17.571	6.996	17.73	0.0015	1.83825
7.508	17.286	7.545	17.51	0.0018	2.64708
16.881	5.611	17.078	5.725	0.0015	1.83825
9.94	3.473	10.152	3.556	0.0015	1.83825
4.274	2.36	4.441	2.515	0.0015	1.83825
2.2	10.848	2.218	11.076	0.0018	2.64708
4.708	2.491	4.927	2.557	0.0015	1.83825
7.817	12.802	8.023	12.902	0.0015	1.83825
16.579	5.244	16.38	5.129	0.0015	1.83825
17.437	7.685	17.367	7.904	0.001	0.817
7.359	6.708	7.554	6.831	0.0015	1.83825
14.004	6.5	14.02	6.73	0.0018	2.64708
8.974	5.085	8.933	5.312	0.0018	2.64708
11.733	12.63	11.608	12.436	0.0023	4.32193
15.116	13.65	15.34	13.706	0.0015	1.83825
8.678	8.151	8.879	8.267	0.0015	1.83825
8.036	6.145	8.021	6.377	0.0018	2.64708
3.159	3.861	3.1	4.086	0.0018	2.64708
7.731	2.592	7.71	2.36	0.0018	2.64708
15.029	4.927	15.093	5.151	0.0023	4.32193
6.033	6.889	6.243	6.99	0.0015	1.83825
7.362	6.681	7.546	6.825	0.0015	1.83825
2.025	12.768	2.257	12.796	0.0007625	0.47500890625
13.875	4.976	13.9	5.209	0.0018	2.64708
13.955	3.217	13.76	3.087	0.0015	1.83825
7.403	15.126	7.417	14.892	0.0018	2.64708
11.051	0.209	11.066	0.444	0.0018	2.64708
16.881	8.949	17.065	9.097	0.0015	1.83825
4.326	5.763	4.493	5.93	0.0015	1.83825
5.729	2.367	5.801	2.142	0.001	0.817
4.441	2.515	4.614	2.676	0.0015	1.83825
12.635	10.088	12.788	10.269	0.0023	4.32193
16.527	7.767	16.561	8.002	0.0018	2.64708
9.628	16.098	9.623	16.336	0.0018	2.64708
11.598	5.462	11.82	5.549	0.0015	1.83825
15.194	5.511	15.382	5.658	0.0015	1.83825
2.414	5.084	2.337	5.31	0.001	0.817
8.508	1.907	8.577	2.136	0.0023	4.32193
17.557	7.308	17.484	7.536	0.001	0.817
7.574	0.41	7.56	0.171	0.0018	2.64708
15.121	13.017	15.121	13.257	0.0018	2.64708
7.384	6.442	7.362	6.681	0.0018	2.64708
7.342	2.573	7.365	2.333	0.0018	2.64708
2.846	10.032	3.059	10.145	0.0015	1.83825
6.175	6.249	6.006	6.077	0.0023	4.32193
4.714	16.141	4.69	15.901	0.0018	2.64708
4.215	8.618	4.307	8.841	0.0023	4.32193
6.82	5.227	6.832	5.469	0.0018	2.64708
12.788	10.269	12.939	10.459	0.0023	4.32193
14.111	4.069	14.228	4.282	0.0023	4.32193
11.412	5.303	11.598	5.462	0.0015	1.83825
4.435	15.149	4.628	15.3	0.0015	1.83825
4.293	12.901	4.473	13.068	0.0015	1.83825
11.394	6.857	11.61	6.974	0.0015	1.83825
0.532	9.798	0.73	9.944	0.0015	1.83825
15.301	12.726	15.121	12.558	0.0015	1.83825
2.284	4.827	2.436	5.021	0.0023	4.32193
7.189	4.178	7.212	3.932	0.0018	2.64708
8.889	3.121	8.937	3.364	0.0023	4.32193
5.323	1.279	5.211	1.5	0.001	0.817
9.604	15.345	9.843	15.412	0.0015	1.83825
5.657	4.762	5.737	4.997	0.0023	4.32193
10.215	11.343	10.44	11.448	0.0015	1.83825
6.963	15.32	6.942	15.568	0.0018	2.64708
11.317	8.447	11.533	8.573	0.0015	1.83825
8.329	10.957	8.395	11.201	0.0023	4.32193
11.215	11.812	11.445	11.919	0.0015	1.83825
4.263	13.922	4.458	14.085	0.0015	1.83825
2.154	5.841	2.071	6.082	0.001	0.817
2.656	2.609	2.884	2.723	0.0015	1.83825
2.044	6.161	1.969	6.405	0.001	0.817
2.475	4.877	2.722	4.942	0.0015	1.83825
4.736	13.644	4.544	13.475	0.0015	1.83825
4.079	5.264	4.329	5.323	0.0015	1.83825
6.738	12.234	6.752	12.491	0.0018	2.64708
9.505	8.393	9.704	8.557	0.0015	1.83825
14.224	3.923	14.311	4.167	0.0023	4.32193
7.805	12.54	7.812	12.799	0.0018	2.64708
6.862	6.088	7.077	6.233	0.0015	1.83825
14.111	3.624	13.897	3.477	0.0015	1.83825
13.144	8.438	13.375	8.557	0.0015	1.83825
4.945	4.597	4.947	4.857	0.0018	2.64708
4.266	3.361	4.147	3.593	0.001	0.817
16.579	6.566	16.615	6.825	0.0018	2.64708
9.121	4.302	9.19	4.555	0.0023	4.32193
12.332	11.268	12.56	11.398	0.0015	1.83825
9.563	5.551	9.809	5.644	0.0015	1.83825
16.743	10.28	16.758	10.543	0.0018	2.64708
9.505	8.393	9.579	8.646	0.0023	4.32193
13.272	1.78	13.276	2.044	0.0018	2.64708
8.933	5.312	9.18	5.406	0.0015	1.83825
4.934	3.4	4.937	3.665	0.0018	2.64708
4.008	3.52	4.05	3.782	0.0018	2.64708
7.454	14.267	7.469	14.002	0.0018	2.64708
4.723	5.416	4.923	5.592	0.0015	1.83825
14.311	4.167	14.399	4.419	0.0023	4.32193
10.802	9.397	11.033	9.531	0.0015	1.83825
7.754	2.859	7.973	3.012	0.0015	1.83825
10.371	9.146	10.487	9.387	0.0023	4.32193
7.754	2.859	7.731	2.592	0.0018	2.64708
17.263	8.24	17.202	8.501	0.0018	2.64708
4.936	8.662	5.002	8.922	0.0023	4.32193
7.595	0.754	7.76	0.968	0.0023	4.32193
5.234	14.08	5.497	14.144	0.0015	1.83825
15.121	12.287	15.121	12.558	0.0018	2.64708
9.579	8.646	9.818	8.775	0.0015	1.83825
14.992	10.994	15.026	11.264	0.0018	2.64708
16.798	7.941	16.843	8.21	0.0018	2.64708
15.121	12.014	15.121	12.287	0.0018	2.64708
4.839	13.734	4.902	14	0.0023	4.32193
16.798	7.941	16.568	7.793	0.0015	1.83825
8.405	4.278	8.663	4.369	0.0015	1.83825
8.054	5.872	8.036	6.145	0.0018	2.64708
16.285	4.521	16.33	4.791	0.0018	2.64708
16.666	8.778	16.881	8.949	0.0015	1.83825
12.762	6.451	12.759	6.726	0.0018	2.64708
4.272	5.022	4.321	5.293	0.0023	4.32193
6.723	11.959	6.738	12.234	0.0018	2.64708
6.338	3.773	6.161	3.562	0.0023	4.32193
4.634	13.935	4.902	14	0.0015	1.83825
4.242	11.567	4.323	11.831	0.0023	4.32193
4.036	13.549	4.084	13.821	0.0023	4.32193
13.86	3.95	14.11	4.068	0.0015	1.83825
14.732	10.9	14.992	10.994	0.0015	1.83825
4.606	4.093	4.577	3.818	0.0018	2.64708
4.203	5.647	4.233	5.924	0.0018	2.64708
10.377	6.303	10.421	6.579	0.0018	2.64708
9.045	14.085	9.154	14.343	0.0023	4.32193
8.258	5.895	8.065	5.692	0.0023	4.32193
14.609	6.537	14.381	6.37	0.0015	1.83825
10.215	11.343	10.388	11.567	0.0023	4.32193
7.591	0.693	7.574	0.41	0.0018	2.64708
11.037	14.538	11.11	14.262	0.0018	2.64708
4.599	15.826	4.667	16.104	0.0023	4.32193
11.232	6.621	11.394	6.857	0.0023	4.32193
4.614	2.676	4.484	2.932	0.001	0.817
5.141	11.219	5.213	11.497	0.0023	4.32193
14.736	8.97	14.772	9.255	0.0018	2.64708
4.689	13.094	4.975	13.129	0.0007625	0.47500890625
11.972	8.443	11.697	8.357	0.0015	1.83825
16.243	13.811	16.478	13.978	0.0015	1.83825
4.539	1.52	4.359	1.294	0.0023	4.32193
5.074	1.77	4.943	2.028	0.001	0.817
4.43	2.407	4.708	2.491	0.0015	1.83825
9.828	14.889	9.968	15.144	0.0023	4.32193
7.612	1.045	7.595	0.754	0.0018	2.64708
9.353	1.356	9.626	1.459	0.0015	1.83825
10.814	0.294	11.066	0.444	0.0015	1.83825
8.75	9.927	8.765	10.22	0.0018	2.64708
7.436	14.56	7.454	14.267	0.0018	2.64708
16.751	7.651	16.798	7.941	0.0018	2.64708
7.483	13.328	7.749	13.454	0.0015	1.83825
7.499	11.495	7.778	11.591	0.0015	1.83825
14.344	2.136	14.373	2.43	0.0018	2.64708
11.877	7.788	12.14	7.923	0.0015	1.83825
3.813	11.459	4.055	11.63	0.0015	1.83825
1.38	11.806	1.466	12.09	0.0023	4.32193
7.778	3.127	8.057	3.23	0.0015	1.83825
7.769	11.293	7.778	11.591	0.0018	2.64708
14.582	5.752	14.592	6.05	0.0018	2.64708
3.994	3.238	4.266	3.361	0.0015	1.83825
2.531	4.583	2.475	4.877	0.0018	2.64708
9.42	8.106	9.505	8.393	0.0023	4.32193
3.961	3.224	4.008	3.52	0.0018	2.64708
13.123	14.793	13.394	14.922	0.0015	1.83825
4.928	13.67	5.217	13.752	0.0015	1.83825
4.957	5.012	4.975	5.312	0.0018	2.64708
8.471	11.071	8.707	11.258	0.0015	1.83825
8.715	9.221	8.73	9.522	0.0018	2.64708
12.203	11.57	12.085	11.848	0.001	0.817
6.949	0.184	7.233	0.287	0.0015	1.83825
3.402	5.103	3.696	5.173	0.0015	1.83825
7.76	0.968	7.933	1.216	0.0023	4.32193
5.211	1.5	5.074	1.77	0.001	0.817
2.821	3.054	3.083	3.206	0.0015	1.83825
4.266	3.361	4.542	3.486	0.0015	1.83825
11.933	11.432	12.203	11.57	0.0015	1.83825
6.605	0.964	6.522	1.256	0.001	0.817
9.584	15.34	9.609	15.643	0.0018	2.64708
8.128	10.279	8.224	10.568	0.0023	4.32193
4.62	12.797	4.689	13.094	0.0023	4.32193
2.774	6.811	2.829	7.111	0.0023	4.32193
3.733	13.509	4.036	13.549	0.0007625	0.47500890625
4.658	3.538	4.937	3.665	0.0015	1.83825
4.994	7.842	5.241	8.025	0.0015	1.83825
6.78	12.996	6.797	13.304	0.0018	2.64708
8.67	7.01	8.672	7.319	0.0018	2.64708
9.317	13.136	9.59	13.281	0.0015	1.83825
5.217	0.806	5.48	0.969	0.0015	1.83825
8.409	12.655	8.54	12.936	0.0023	4.32193
16.482	7.46	16.527	7.767	0.0018	2.64708
16.243	13.811	16.125	13.523	0.0023	4.32193
11.587	7.468	11.602	7.157	0.0018	2.64708
10.167	15.502	10.468	15.586	0.0015	1.83825
4.976	5.325	4.983	5.638	0.0018	2.64708
5.623	0.688	5.48	0.969	0.001	0.817
10.805	9.553	10.809	9.869	0.0018	2.64708
7.749	13.454	8.035	13.589	0.0015	1.83825
13.822	4.473	13.855	4.788	0.0018	2.64708
5.032	14.563	5.094	14.874	0.0023	4.32193
8.395	11.201	8.707	11.258	0.0007625	0.47500890625
6.522	1.256	6.435	1.561	0.001	0.817
7.815	12.982	8.105	13.111	0.0015	1.83825
4.943	2.028	4.799	2.311	0.001	0.817
5.217	11.517	5.277	11.829	0.0023	4.32193
6.106	9.332	6.405	9.443	0.0015	1.83825
4.614	2.676	4.848	2.893	0.0015	1.83825
14.592	6.05	14.603	6.369	0.0018	2.64708
13.15	12.047	13.214	11.734	0.0018	2.64708
14.111	3.624	14.224	3.923	0.0023	4.32193
4.277	6.333	4.312	6.651	0.0018	2.64708
0.513	9.617	0.478	9.297	0.0018	2.64708
9.18	5.406	9.32	5.697	0.0023	4.32193
11.533	8.573	11.549	8.25	0.0018	2.64708
8.827	2.803	8.889	3.121	0.0023	4.32193
5.002	6.684	5	7.008	0.0018	2.64708
2.022	14.138	2.029	13.814	0.0018	2.64708
10.358	16.871	10.409	16.55	0.0018	2.64708
8.54	12.936	8.677	13.231	0.0023	4.32193
14.642	7.48	14.66	7.805	0.0018	2.64708
8.933	5.312	8.876	5.633	0.0018	2.64708
8.142	0.615	8.223	0.931	0.0023	4.32193
10.872	15.687	11.189	15.766	0.0015	1.83825
12.768	5.704	12.765	6.032	0.0018	2.64708
9.845	8.433	9.871	8.106	0.0018	2.64708
12.332	11.268	12.203	11.57	0.001	0.817
7.545	17.51	7.599	17.834	0.0018	2.64708
13.793	10.786	13.486	10.669	0.0015	1.83825
3.928	12.933	3.681	12.716	0.0015	1.83825
4.729	7.645	4.994	7.842	0.0015	1.83825
0.472	9.234	0.436	8.903	0.0018	2.64708
3.1	4.086	3.313	4.342	0.0023	4.32193
2.948	7.755	3.008	8.083	0.0023	4.32193
4.577	3.818	4.542	3.486	0.0018	2.64708
15.458	3.884	15.465	4.218	0.0018	2.64708
4.081	3.958	4.14	4.287	0.0023	4.32193
13.931	12.4	13.749	12.119	0.0023	4.32193
4.055	11.63	4.323	11.831	0.0015	1.83825
16.112	3.486	16.167	3.817	0.0018	2.64708
11.578	7.635	11.877	7.788	0.0015	1.83825
16.481	7.451	16.751	7.651	0.0015	1.83825
5	7.008	4.998	7.344	0.0018	2.64708
9.843	15.412	10.167	15.502	0.0015	1.83825
9.303	0.802	9.333	1.137	0.0018	2.64708
9.757	2.271	10.013	2.49	0.0015	1.83825
2.884	2.723	2.821	3.054	0.0018	2.64708
12.941	10.46	12.626	10.34	0.0015	1.83825
3.282	9.254	3.354	9.584	0.0023	4.32193
13.9	5.209	13.935	5.545	0.0018	2.64708
13.268	1.442	13.272	1.78	0.0018	2.64708
2.172	10.511	2.2	10.848	0.0018	2.64708
2.884	2.723	3.187	2.874	0.0015	1.83825
13.306	15.078	13.123	14.793	0.0023	4.32193
4.902	14	5.234	14.08	0.0015	1.83825
6.243	6.99	6.553	7.139	0.0015	1.83825
4.937	3.665	4.94	4.009	0.0018	2.64708
4.825	7.894	5.047	8.158	0.0023	4.32193
8.836	4.695	8.987	5.008	0.0023	4.32193
6.822	6.994	7.107	7.193	0.0015	1.83825
7.499	12.375	7.805	12.54	0.0015	1.83825
6.605	0.964	6.919	1.114	0.0015	1.83825
11.11	14.262	11.2	13.925	0.0018	2.64708
8.143	16.113	8.157	16.462	0.0018	2.64708
15.465	4.218	15.472	4.568	0.0018	2.64708
4.741	13.314	4.821	13.655	0.0023	4.32193
8.106	14.627	8.256	14.944	0.0023	4.32193
3.255	3.336	3.192	3.681	0.0018	2.64708
9.94	3.473	9.994	3.82	0.0018	2.64708
5.445	4.145	5.203	3.889	0.0023	4.32193
4.003	10.369	4.024	10.017	0.0018	2.64708
7.417	14.892	7.768	14.926	0.0007625	0.47500890625
11.315	8.446	11.526	8.729	0.0023	4.32193
7.492	12.838	7.815	12.982	0.0015	1.83825
11.608	12.436	11.417	12.138	0.0023	4.32193
5.113	0.911	5.413	1.1	0.0015	1.83825
0.244	7.95	0.561	8.109	0.0015	1.83825
6.062	6.465	6.353	6.668	0.0015	1.83825
14.386	10.766	14.552	11.08	0.0023	4.32193
4.493	5.93	4.586	6.273	0.0023	4.32193
2.248	11.435	1.983	11.198	0.0015	1.83825
4.928	2.637	4.931	2.993	0.0018	2.64708
1.983	11.198	1.701	10.98	0.0015	1.83825
7.496	12.633	7.812	12.799	0.0015	1.83825
12.012	1.858	11.995	2.215	0.0018	2.64708
16.843	8.222	16.561	8.002	0.0015	1.83825
8.035	13.589	8.356	13.747	0.0015	1.83825
1.995	12.552	2.257	12.796	0.0015	1.83825
7.677	1.988	7.646	1.631	0.0018	2.64708
4.661	4.672	4.949	4.886	0.0015	1.83825
14.135	2.315	14.386	2.572	0.0023	4.32193
2.218	11.076	2.248	11.435	0.0018	2.64708
10.639	12.871	10.909	13.11	0.0015	1.83825
3.994	3.238	4.119	3.578	0.0023	4.32193
16.529	6.207	16.579	6.566	0.0018	2.64708
7.233	0.287	7.574	0.41	0.0015	1.83825
7.619	4.798	7.555	5.155	0.0018	2.64708
1.664	12.724	2.025	12.768	0.0007625	0.47500890625
5.955	5.631	6.073	5.975	0.0023	4.32193
7.612	1.045	7.933	1.216	0.0015	1.83825
4.473	13.068	4.741	13.314	0.0015	1.83825
4.457	16.331	4.754	16.542	0.0015	1.83825
7.054	14.856	7.417	14.892	0.0007625	0.47500890625
11.394	6.857	11.602	7.157	0.0023	4.32193
12.439	14.469	12.605	14.795	0.0023	4.32193
8.663	4.369	8.835	4.692	0.0023	4.32193
3.51	1.945	3.766	2.207	0.0023	4.32193
0.73	9.944	0.83	10.297	0.0023	4.32193
5.882	2.229	6.118	2.511	0.0023	4.32193
14.772	9.255	14.818	9.62	0.0018	2.64708
4.871	10.169	4.963	10.526	0.0023	4.32193
9.565	15.104	9.932	15.14	0.0007625	0.47500890625
4.791	16.909	4.754	16.542	0.0018	2.64708
11.306	13.527	11.4	13.17	0.0018	2.64708
13.818	4.437	14.111	4.662	0.0015	1.83825
3.527	10.387	3.606	10.748	0.0023	4.32193
10.34	10.56	10.644	10.772	0.0015	1.83825
5.81	2.113	5.924	1.76	0.001	0.817
14.386	10.766	14.732	10.9	0.0015	1.83825
4.263	13.922	4.634	13.935	0.0007625	0.47500890625
7.077	6.233	7.384	6.442	0.0015	1.83825
14.818	12.802	15.121	13.017	0.0015	1.83825
7.71	2.36	7.677	1.988	0.0018	2.64708
15.093	5.151	15.194	5.511	0.0023	4.32193
13.486	10.669	13.299	10.345	0.0023	4.32193
4.198	1.361	4.539	1.52	0.0015	1.83825
8.678	8.151	8.68	8.528	0.0018	2.64708
8.359	1.825	8.575	2.134	0.0023	4.32193
12.946	8.117	13.144	8.438	0.0023	4.32193
11.089	8.144	11.315	8.446	0.0023	4.32193
4.071	8.269	4.215	8.618	0.0023	4.32193
10.184	5.099	10.243	5.472	0.0018	2.64708
4.229	15.758	4.089	15.407	0.0023	4.32193
4.271	14.598	4.563	14.838	0.0015	1.83825
10.933	6.797	10.969	7.174	0.0018	2.64708
6.883	16.249	6.851	16.627	0.0018	2.64708
11.417	12.138	11.218	11.815	0.0023	4.32193
13.717	6.251	14.004	6.5	0.0015	1.83825
11.587	7.468	11.93	7.632	0.0015	1.83825
5.357	12.234	5.666	12.456	0.0015	1.83825
7.39	2.153	7.71	2.36	0.0015	1.83825
12.667	10.479	12.518	10.83	0.001	0.817
11.957	2.941	11.915	3.32	0.0018	2.64708
8.025	1.641	8.359	1.825	0.0015	1.83825
15.785	4.786	15.472	4.568	0.0015	1.83825
3.809	2.737	3.941	3.095	0.0023	4.32193
10.367	8.099	10.328	8.48	0.0018	2.64708
14.96	11.939	15.121	12.287	0.0023	4.32193
7.425	14.749	7.768	14.926	0.0015	1.83825
15.121	12.558	15.121	12.944	0.0018	2.64708
8.765	10.22	8.784	10.606	0.0018	2.64708
10.474	15.588	10.499	15.202	0.0018	2.64708
11.109	5.268	11.298	5.606	0.0023	4.32193
12.772	5.315	12.768	5.704	0.0018	2.64708
4.081	3.958	4.393	4.192	0.0015	1.83825
8.157	16.462	8.172	16.852	0.0018	2.64708
9.19	4.555	9.293	4.932	0.0023	4.32193
15.121	13.257	15.116	13.65	0.0018	2.64708
3.696	5.173	4.079	5.264	0.0015	1.83825
4.712	6.739	5	7.008	0.0015	1.83825
0.947	9.535	1.3	9.714	0.0015	1.83825
9.845	8.433	10.149	8.688	0.0015	1.83825
11.896	8.628	11.627	8.336	0.0023	4.32193
10.314	5.911	10.377	6.303	0.0018	2.64708
10.809	9.869	11.146	10.079	0.0015	1.83825
8.372	1.449	8.723	1.636	0.0015	1.83825
17.194	7.044	17.335	7.416	0.0023	4.32193
8.258	1.067	8.372	1.449	0.0023	4.32193
14.373	2.43	14.637	2.732	0.0023	4.32193
12.465	4.373	12.778	4.624	0.0015	1.83825
10.499	15.202	10.254	14.884	0.0023	4.32193
14.305	1.736	14.344	2.136	0.0018	2.64708
4.229	15.758	4.544	16.008	0.0015	1.83825
2.694	4.235	2.988	4.51	0.0015	1.83825
8.224	10.568	8.329	10.957	0.0023	4.32193
4.754	16.542	4.714	16.141	0.0018	2.64708
11.018	7.685	11.056	8.087	0.0018	2.64708
0.559	9.338	0.669	9.727	0.0023	4.32193
3.328	2.938	3.255	3.336	0.0018	2.64708
4.329	5.323	4.723	5.416	0.0015	1.83825
8.73	9.522	8.75	9.927	0.0018	2.64708
0.537	9.259	0.915	9.406	0.0015	1.83825
2.96	2.324	2.884	2.723	0.0018	2.64708
14.568	5.346	14.582	5.752	0.0018	2.64708
15.454	3.665	15.738	3.956	0.0023	4.32193
4.931	2.993	4.934	3.4	0.0018	2.64708
4.25	4.896	4.601	5.103	0.0015	1.83825
4.586	6.273	4.876	6.56	0.0015	1.83825
9.18	5.406	9.563	5.551	0.0015	1.83825
9.968	15.144	10.167	15.502	0.0023	4.32193
10.474	15.588	10.872	15.687	0.0015	1.83825
4.577	3.818	4.94	4.009	0.0015	1.83825
2.948	7.755	3.321	7.926	0.0015	1.83825
7.555	5.155	7.482	5.559	0.0018	2.64708
7.636	1.455	7.612	1.045	0.0018	2.64708
4.233	5.924	4.277	6.333	0.0018	2.64708
11.2	13.925	11.306	13.527	0.0018	2.64708
9.565	15.107	9.843	15.412	0.0023	4.32193
5.277	11.829	5.357	12.234	0.0023	4.32193
7.352	16.345	7.419	16.753	0.0018	2.64708
14.66	7.805	14.682	8.218	0.0018	2.64708
6.652	0.797	6.919	1.114	0.0023	4.32193
5.729	2.367	6.118	2.511	0.0015	1.83825
9.876	3.062	9.94	3.473	0.0018	2.64708
14.628	7.063	14.642	7.48	0.0018	2.64708
10.454	10.202	10.817	10.408	0.0015	1.83825
8.737	6.413	8.69	6.828	0.0018	2.64708
12.765	6.032	12.762	6.451	0.0018	2.64708
4.484	2.932	4.441	2.515	0.0018	2.64708
11.146	10.079	11.514	10.28	0.0015	1.83825
10.719	5.113	11.109	5.268	0.0015	1.83825
0.384	7.726	0.561	8.109	0.0023	4.32193
2.61	4.167	2.531	4.583	0.0018	2.64708
4.628	15.3	4.961	15.562	0.0015	1.83825
7.115	8.59	7.482	8.802	0.0015	1.83825
5.331	2.22	5.729	2.367	0.0015	1.83825
17.557	7.308	17.896	7.565	0.0015	1.83825
15.458	3.884	15.795	4.144	0.0015	1.83825
9.912	6.676	9.612	6.374	0.0015	1.83825
5.559	15.002	5.87	15.295	0.0015	1.83825
8.126	15.686	8.143	16.113	0.0018	2.64708
4.482	2.938	4.288	3.32	0.001	0.817
7.148	4.605	7.189	4.178	0.0018	2.64708
7.636	1.455	8.025	1.641	0.0015	1.83825
7.147	4.618	7.551	4.771	0.0015	1.83825
11.194	7.437	11.578	7.635	0.0015	1.83825
7.189	4.178	7.579	4.364	0.0015	1.83825
4.943	2.028	5.331	2.22	0.0015	1.83825
2.988	4.51	2.877	4.93	0.0018	2.64708
5.368	15.936	5.448	16.363	0.0023	4.32193
10.416	16.506	10.443	16.072	0.0018	2.64708
0.559	9.338	0.947	9.535	0.0015	1.83825
5.094	14.874	5.179	15.301	0.0023	4.32193
3.875	4.674	4.25	4.896	0.0015	1.83825
4.601	5.103	4.976	5.325	0.0015	1.83825
13.955	3.217	14.111	3.624	0.0023	4.32193
3.79	4.027	4.14	4.287	0.0015	1.83825
10.461	7.184	10.136	6.892	0.0015	1.83825
7.619	4.798	8.026	4.958	0.0015	1.83825
14.22	5.08	14.568	5.346	0.0015	1.83825
6.405	9.443	6.816	9.595	0.0015	1.83825
3.1	4.086	2.988	4.51	0.0018	2.64708
10.141	7.1	10.436	7.425	0.0023	4.32193
4.586	6.273	4.7	6.697	0.0023	4.32193
12.188	8.956	11.896	8.628	0.0023	4.32193
14.91	4.504	15.029	4.927	0.0023	4.32193
0.251	6.863	0.653	7.041	0.0015	1.83825
5.657	4.762	5.971	5.07	0.0015	1.83825
3.704	14.443	3.573	14.023	0.0023	4.32193
8.675	7.711	8.678	8.151	0.0018	2.64708
3.965	1.546	4.36	1.741	0.0015	1.83825
7.054	14.856	7.403	15.126	0.0015	1.83825
5.872	15.292	6.103	14.916	0.001	0.817
6.835	17.419	7.124	17.753	0.0023	4.32193
7.817	3.567	7.778	3.127	0.0018	2.64708
6.631	7.176	6.999	7.421	0.0015	1.83825
3.026	8.182	3.129	8.612	0.0023	4.32193
8.987	5.008	9.18	5.406	0.0023	4.32193
3.813	11.459	4.242	11.567	0.0015	1.83825
3.606	10.748	3.994	10.961	0.0015	1.83825
11.927	14.227	12.125	14.624	0.0023	4.32193
10.243	5.472	10.314	5.911	0.0018	2.64708
2.865	4.976	2.751	5.407	0.0018	2.64708
5.357	12.234	5.442	12.672	0.0023	4.32193
7.826	14.931	8.271	14.975	0.0007625	0.47500890625
9.871	8.105	9.884	7.658	0.0018	2.64708
7.365	2.333	7.731	2.592	0.0015	1.83825
4.957	5.012	4.661	4.672	0.0023	4.32193
11.074	0.581	11.102	1.031	0.0018	2.64708
1.703	12.85	2.045	13.144	0.0015	1.83825
4.934	3.4	5.251	3.723	0.0023	4.32193
8.405	9.633	8.75	9.927	0.0015	1.83825
5.95	1.68	6.332	1.925	0.0015	1.83825
2.428	2.827	2.821	3.054	0.0015	1.83825
10.742	17.113	10.358	16.871	0.0015	1.83825
10.817	10.408	10.824	10.862	0.0018	2.64708
9.292	7.67	9.42	8.106	0.0023	4.32193
17.202	8.501	16.843	8.222	0.0015	1.83825
6.175	6.249	6.353	6.668	0.0023	4.32193
9.609	15.643	9.628	16.098	0.0018	2.64708
14.059	11.568	13.793	11.198	0.0023	4.32193
8.673	6.987	9.065	7.22	0.0015	1.83825
10.776	13.755	11.2	13.925	0.0015	1.83825
4.94	4.061	4.944	4.518	0.0018	2.64708
4.799	2.311	5.136	2.62	0.0015	1.83825
6.773	3.804	7.212	3.932	0.0015	1.83825
9.856	5.227	10.243	5.472	0.0015	1.83825
4.017	13.012	4.473	13.068	0.0007625	0.47500890625
8.876	5.633	8.552	5.307	0.0015	1.83825
0.74	12.493	0.781	12.035	0.0018	2.64708
9.563	5.551	9.759	5.967	0.0023	4.32193
14.669	13.538	15.116	13.65	0.0015	1.83825
14.067	7.377	14.1	7.838	0.0018	2.64708
6.822	6.994	6.999	7.421	0.0023	4.32193
6.851	5.866	7.229	6.133	0.0015	1.83825
7.749	13.454	7.685	13.913	0.0018	2.64708
11.4	13.17	11.519	12.722	0.0018	2.64708
6.788	13.779	7.048	13.395	0.001	0.817
17.187	7.027	17.557	7.308	0.0015	1.83825
10.013	3.946	10.45	4.105	0.0015	1.83825
8.036	3.055	8.467	3.23	0.0015	1.83825
6.919	1.114	7.219	1.47	0.0023	4.32193
7.997	12.437	8.409	12.655	0.0015	1.83825
9.398	13.596	9.814	13.807	0.0015	1.83825
4.628	15.3	4.563	14.838	0.0018	2.64708
6.047	7.053	6.087	7.518	0.0018	2.64708
9.317	13.136	9.398	13.596	0.0023	4.32193
14.568	5.346	14.939	5.63	0.0015	1.83825
0.244	7.95	0.142	7.494	0.0023	4.32193
13.855	4.788	14.22	5.08	0.0015	1.83825
5.67	5.737	6.073	5.975	0.0015	1.83825
7.086	7.172	6.757	6.839	0.0015	1.83825
5.442	12.672	5.817	12.953	0.0015	1.83825
4.819	8.206	4.936	8.662	0.0023	4.32193
13.97	6.03	14.004	6.5	0.0018	2.64708
13.299	10.345	13.063	9.937	0.0023	4.32193
6.251	14.675	6.469	14.257	0.001	0.817
9.759	5.967	9.96	6.394	0.0023	4.32193
15.083	3.595	15.458	3.884	0.0015	1.83825
17.078	5.725	17.488	5.962	0.0015	1.83825
13.214	11.734	13.309	11.27	0.0018	2.64708
7.323	2.766	7.762	2.944	0.0015	1.83825
2.94	4.994	3.402	5.103	0.0015	1.83825
6.797	13.304	6.788	13.779	0.0018	2.64708
15.836	13.83	16.297	13.945	0.0015	1.83825
7.978	9.828	8.128	10.279	0.0023	4.32193
12.518	10.83	12.332	11.268	0.001	0.817
11.526	8.729	11.81	9.111	0.0023	4.32193
14.386	2.572	14.432	3.046	0.0018	2.64708
7.815	12.982	7.749	13.454	0.0018	2.64708
9.42	8.106	9.799	8.395	0.0015	1.83825
8.372	1.449	8.508	1.907	0.0023	4.32193
5.583	2.822	5.729	2.367	0.001	0.817
6.006	6.077	5.67	5.737	0.0015	1.83825
8.023	0.152	8.142	0.615	0.0023	4.32193
13.936	5.553	13.97	6.03	0.0018	2.64708
0.781	12.035	0.825	11.557	0.0018	2.64708
4.43	2.407	4.38	1.928	0.0018	2.64708
15.434	2.67	15.444	3.153	0.0018	2.64708
7.233	0.287	7.529	0.67	0.0023	4.32193
0.669	9.727	1.065	10.006	0.0015	1.83825
10.443	16.072	10.474	15.588	0.0018	2.64708
4.147	3.593	4.577	3.818	0.0015	1.83825
0.947	9.535	1.065	10.006	0.0023	4.32193
2.011	14.624	2.022	14.138	0.0018	2.64708
0.73	9.944	1.122	10.232	0.0015	1.83825
12.844	13.537	12.942	13.06	0.0018	2.64708
0.417	11.711	0.781	12.035	0.0015	1.83825
2.829	7.111	2.917	7.591	0.0023	4.32193
10.264	4.933	10.719	5.113	0.0015	1.83825
4.937	3.665	5.383	3.867	0.0015	1.83825
10.282	17.355	10.358	16.871	0.0018	2.64708
2.531	4.583	2.877	4.93	0.0015	1.83825
7.483	13.328	7.492	12.838	0.0018	2.64708
6.707	8.22	7.064	8.56	0.0015	1.83825
4.998	7.344	4.994	7.84	0.0018	2.64708
9.766	11.132	10.215	11.343	0.0015	1.83825
5.383	3.867	5.835	4.072	0.0015	1.83825
4.233	5.924	4.586	6.273	0.0015	1.83825
7.933	1.216	8.372	1.449	0.0015	1.83825
15.88	4.493	15.465	4.218	0.0015	1.83825
10.371	9.146	10.802	9.397	0.0015	1.83825
1.523	6.18	1.969	6.405	0.0015	1.83825
2.829	7.111	3.259	7.366	0.0015	1.83825
9.623	16.336	9.612	16.836	0.0018	2.64708
9.943	7.69	10.385	7.926	0.0015	1.83825
7.342	2.573	7.754	2.859	0.0015	1.83825
6.488	14.22	6.77	13.805	0.001	0.817
15.625	13.374	15.836	13.83	0.0023	4.32193
14.609	6.537	14.627	7.04	0.0018	2.64708
7.306	2.952	7.778	3.127	0.0015	1.83825
10.436	7.425	10.385	7.926	0.0018	2.64708
9.333	1.137	9.785	1.361	0.0015	1.83825
6.752	12.491	6.78	12.996	0.0018	2.64708
2.436	5.021	2.748	5.42	0.0023	4.32193
0	9.05	0.472	9.234	0.0015	1.83825
9.045	14.085	9.5	14.309	0.0015	1.83825
6.916	3.462	7.218	3.87	0.0023	4.32193
8.889	3.121	9.316	3.396	0.0015	1.83825
10.937	9.382	11.384	9.624	0.0015	1.83825
4.902	14	5.018	14.495	0.0023	4.32193
15.026	11.264	14.552	11.08	0.0015	1.83825
9.903	3.112	10.152	3.556	0.0023	4.32193
12.125	14.624	12.605	14.795	0.0015	1.83825
15.34	13.706	15.836	13.83	0.0015	1.83825
6.353	6.668	6.553	7.139	0.0023	4.32193
15.444	3.153	15.454	3.665	0.0018	2.64708
9.052	15.053	9.562	15.103	0.0007625	0.47500890625
10.969	7.174	11.018	7.685	0.0018	2.64708
14.067	7.377	14.486	7.674	0.0015	1.83825
6.972	13.869	7.469	14.002	0.0015	1.83825
8.835	4.692	9.293	4.932	0.0015	1.83825
9.818	8.775	10.273	9.022	0.0015	1.83825
7.107	7.193	7.532	7.489	0.0015	1.83825
13.615	11.418	14.098	11.605	0.0015	1.83825
10.54	12.32	11.042	12.45	0.0015	1.83825
5.666	12.456	5.817	12.953	0.0023	4.32193
7.278	3.951	7.588	4.368	0.0023	4.32193
6.318	0.398	6.652	0.797	0.0023	4.32193
7.423	6.015	7.869	6.285	0.0015	1.83825
4.69	15.901	4.639	15.382	0.0018	2.64708
9.885	7.62	9.557	7.214	0.0023	4.32193
4.079	9.126	4.534	9.382	0.0015	1.83825
8.105	13.111	8.297	13.598	0.0023	4.32193
2.917	7.591	3.321	7.926	0.0015	1.83825
12.765	6.032	13.233	6.27	0.0015	1.83825
5.234	14.08	4.839	13.734	0.0015	1.83825
0.009	9.059	0.478	9.297	0.0015	1.83825
8.753	13.4	8.959	13.884	0.0023	4.32193
11.109	5.268	11.598	5.462	0.0015	1.83825
3.059	10.145	3.527	10.387	0.0015	1.83825
3.875	4.674	4.272	5.022	0.0015	1.83825
15.121	12.287	15.343	12.766	0.0023	4.32193
11.146	1.755	10.682	1.503	0.0015	1.83825
9.96	6.394	10.136	6.892	0.0023	4.32193
7.659	10.034	8.128	10.279	0.0015	1.83825
5.848	14.334	6.248	14.681	0.0015	1.83825
14.603	6.369	15.064	6.631	0.0015	1.83825
3.766	2.207	4.274	2.36	0.0015	1.83825
5.196	15.358	5.606	15.695	0.0015	1.83825
16.506	13.893	16.125	13.523	0.0015	1.83825
5.511	11.948	5.666	12.456	0.0023	4.32193
14.709	5.151	14.939	5.63	0.0023	4.32193
12.188	8.956	12.65	9.225	0.0015	1.83825
6.455	5.971	6.876	6.301	0.0015	1.83825
14.039	6.071	14.514	6.318	0.0015	1.83825
10.909	13.11	11.279	13.499	0.0023	4.32193
11.042	12.45	11.562	12.586	0.0015	1.83825
16.529	6.207	16.971	6.513	0.0015	1.83825
9.994	3.82	10.45	4.105	0.0015	1.83825
7.545	17.51	7.921	17.896	0.0023	4.32193
0.406	6.562	0.653	7.041	0.0023	4.32193
10.809	9.869	10.817	10.408	0.0018	2.64708
3.662	7.259	3.861	7.76	0.0023	4.32193
2.419	2.846	2.785	3.242	0.0023	4.32193
16.33	4.791	15.88	4.493	0.0015	1.83825
7.419	16.753	7.508	17.286	0.0018	2.64708
16.41	5.346	16.881	5.611	0.0015	1.83825
8.69	6.828	9.065	7.22	0.0023	4.32193
10.198	17.891	10.282	17.355	0.0018	2.64708
8.467	3.23	8.957	3.466	0.0015	1.83825
4.563	14.838	4.488	14.298	0.0018	2.64708
3.562	13.897	4.107	13.917	0.0007625	0.47500890625
17.484	7.536	17.91	7.878	0.0015	1.83825
8.142	0.615	8.656	0.801	0.0015	1.83825
4.542	3.486	4.485	2.942	0.0018	2.64708
9.429	3.273	9.94	3.473	0.0015	1.83825
6.479	4.364	6.992	4.559	0.0015	1.83825
3.61	2.224	3.809	2.737	0.0023	4.32193
3.861	7.76	4.071	8.269	0.0023	4.32193
12.582	15.531	13.089	15.746	0.0015	1.83825
2.674	6.269	2.774	6.811	0.0023	4.32193
5.775	5.109	5.955	5.631	0.0023	4.32193
4.961	15.562	5.368	15.936	0.0015	1.83825
17.263	8.24	16.798	7.941	0.0015	1.83825
6.451	16.387	6.838	16.784	0.0023	4.32193
10.907	6.591	11.394	6.857	0.0015	1.83825
9.889	6.038	10.377	6.303	0.0015	1.83825
3.94	13.002	4.036	13.549	0.0023	4.32193
14.922	10.443	14.992	10.994	0.0018	2.64708
9.325	5.047	9.563	5.551	0.0023	4.32193
16.971	6.513	17.187	7.027	0.0023	4.32193
8.663	4.369	9.19	4.555	0.0015	1.83825
6.886	6.41	7.359	6.708	0.0015	1.83825
10.54	12.32	10.639	12.871	0.0023	4.32193
1.515	6.176	1.918	6.567	0.0015	1.83825
2.337	5.31	2.154	5.841	0.001	0.817
7.788	14.088	8.073	14.572	0.0023	4.32193
11.474	2.997	11.911	3.35	0.0015	1.83825
9.612	16.836	9.6	17.398	0.0018	2.64708
4.274	14.608	4.435	15.149	0.0023	4.32193
15.588	3.287	16.003	3.671	0.0015	1.83825
15.116	13.65	15.109	14.216	0.0018	2.64708
11.927	14.227	12.439	14.469	0.0015	1.83825
14.647	4.8	15.093	5.151	0.0015	1.83825
4.38	1.928	4.799	2.311	0.0015	1.83825
11.838	10.988	12.332	11.268	0.0015	1.83825
9.809	5.644	10.311	5.91	0.0015	1.83825
14.682	8.218	14.713	8.786	0.0018	2.64708
4.843	0.972	5.323	1.279	0.0015	1.83825
6.353	6.668	6.822	6.994	0.0015	1.83825
8.026	4.958	8.367	5.417	0.0023	4.32193
3.958	1.542	4.38	1.928	0.0015	1.83825
13.262	11.758	13.722	12.099	0.0015	1.83825
4.141	3.638	4.378	4.16	0.0023	4.32193
1.469	12.1	1.907	12.47	0.0015	1.83825
9.954	9.92	10.454	10.202	0.0015	1.83825
9.496	7.67	9.871	8.105	0.0023	4.32193
11.602	7.157	11.93	7.632	0.0023	4.32193
7.001	8.4	7.447	8.77	0.0015	1.83825
4.672	16.871	4.457	16.331	0.0023	4.32193
12.641	7.622	12.946	8.117	0.0023	4.32193
9.579	8.646	9.743	9.204	0.0023	4.32193
7.608	9.453	7.659	10.034	0.0018	2.64708
13.486	10.669	12.941	10.46	0.0015	1.83825
16.666	8.778	16.696	9.361	0.0018	2.64708
5.196	15.358	5.364	15.918	0.0023	4.32193
15.147	13.035	15.625	13.374	0.0015	1.83825
4.881	11.891	5.357	12.234	0.0015	1.83825
1.741	10.482	2.2	10.848	0.0015	1.83825
17.202	8.501	17.07	9.074	0.0018	2.64708
10.367	8.099	9.943	7.69	0.0015	1.83825
4.307	8.841	4.537	9.384	0.0023	4.32193
4.539	1.52	5.074	1.77	0.0015	1.83825
9.415	13.694	9.956	13.935	0.0015	1.83825
4.393	4.192	4.866	4.549	0.0015	1.83825
15.754	3.972	15.614	3.396	0.0023	4.32193
3.192	3.681	3.595	4.117	0.0023	4.32193
4.277	6.333	4.712	6.739	0.0015	1.83825
3.633	10.876	3.797	11.448	0.0023	4.32193
2.785	3.242	3.192	3.681	0.0023	4.32193
4.272	5.022	4.723	5.416	0.0015	1.83825
14.1	7.838	14.143	8.436	0.0018	2.64708
4.065	10.994	4.242	11.567	0.0023	4.32193
6.835	16.819	6.835	17.419	0.0018	2.64708
7.677	1.988	8.177	2.324	0.0015	1.83825
10.377	6.303	10.907	6.591	0.0015	1.83825
8.139	12.958	8.677	13.231	0.0015	1.83825
5.835	4.072	6.223	4.534	0.0023	4.32193
7.574	0.41	8.142	0.615	0.0015	1.83825
5.955	5.631	6.455	5.971	0.0015	1.83825
3.211	11.308	3.799	11.456	0.0015	1.83825
16.618	6.845	16.717	7.447	0.0018	2.64708
3.349	4.364	3.875	4.674	0.0015	1.83825
13.793	11.198	13.486	10.669	0.0023	4.32193
10.872	15.687	10.499	15.202	0.0023	4.32193
2.265	8.961	2.813	9.235	0.0015	1.83825
11.549	8.25	11.578	7.635	0.0018	2.64708
11.2	13.925	11.772	14.154	0.0015	1.83825
4.457	16.331	4.229	15.758	0.0023	4.32193
14.097	5.682	14.592	6.05	0.0015	1.83825
6.876	6.301	7.362	6.681	0.0015	1.83825
8.148	12.095	8.409	12.655	0.0023	4.32193
15.795	4.144	16.285	4.521	0.0015	1.83825
4.14	4.287	4.25	4.896	0.0023	4.32193
14.1	7.838	14.618	8.177	0.0015	1.83825
4.791	1.043	5.211	1.5	0.0023	4.32193
0.005	9.258	0.513	9.617	0.0015	1.83825
2.177	6.18	2.557	6.673	0.0023	4.32193
9.065	7.22	9.496	7.67	0.0023	4.32193
2.153	9.961	2.585	10.411	0.0023	4.32193
9.78	2.443	9.876	3.062	0.0018	2.64708
10.465	11.666	10.535	12.289	0.0018	2.64708
4.329	5.323	4.493	5.93	0.0023	4.32193
8.386	3.054	8.937	3.364	0.0015	1.83825
5.217	13.752	5.825	13.926	0.0015	1.83825
12.721	14.836	13.306	15.078	0.0015	1.83825
10.152	3.556	10.461	4.109	0.0023	4.32193
6.375	14.791	6.854	15.206	0.0015	1.83825
4.963	10.526	5.526	10.819	0.0015	1.83825
12.62	10.338	12.19	9.87	0.0023	4.32193
9.293	4.932	9.856	5.227	0.0015	1.83825
1.713	9.435	2.12	9.927	0.0023	4.32193
8.785	10.621	8.803	11.26	0.0018	2.64708
4.485	2.942	4.934	3.4	0.0023	4.32193
14.689	5.115	15.194	5.511	0.0015	1.83825
14.582	5.752	15.078	6.161	0.0015	1.83825
6.854	14.286	7.436	14.56	0.0015	1.83825
11.733	12.63	12.356	12.792	0.0015	1.83825
2.813	9.235	3.354	9.584	0.0015	1.83825
10.387	6.897	10.969	7.174	0.0015	1.83825
7.76	11.085	8.395	11.201	0.0007625	0.47500890625
4.741	13.314	5.217	13.752	0.0015	1.83825
4.14	4.287	4.661	4.672	0.0015	1.83825
5.217	13.752	5.694	14.191	0.0015	1.83825
14.02	6.73	14.067	7.377	0.0018	2.64708
4.943	2.028	4.539	1.52	0.0023	4.32193
4.36	1.741	4.943	2.028	0.0015	1.83825
8.356	13.747	8.594	14.353	0.0023	4.32193
6.688	11.308	6.723	11.959	0.0018	2.64708
5.445	4.145	5.657	4.762	0.0023	4.32193
1.469	12.1	1.664	12.724	0.0023	4.32193
2.155	10.302	2.694	10.672	0.0015	1.83825
0.653	7.041	0.953	7.622	0.0023	4.32193
10.409	16.55	10.742	17.113	0.0023	4.32193
7.997	14.144	8.606	14.383	0.0015	1.83825
0.005	9.41	0.532	9.798	0.0015	1.83825
3.851	6.185	4.312	6.651	0.0015	1.83825
16.606	5.27	17.078	5.725	0.0015	1.83825
4.387	8.694	5.002	8.922	0.0015	1.83825
3.129	8.612	3.282	9.254	0.0023	4.32193
4.089	15.407	4.599	15.826	0.0015	1.83825
11.608	12.436	11.805	11.806	0.001	0.817
7.47	13.988	7.483	13.328	0.0018	2.64708
4.615	14.419	5.094	14.874	0.0015	1.83825
1.122	10.232	1.655	10.625	0.0015	1.83825
3.595	4.117	3.994	4.648	0.0023	4.32193
8.244	4.383	8.835	4.692	0.0015	1.83825
10.282	17.355	10.81	17.763	0.0015	1.83825
11.322	3.343	11.857	3.743	0.0015	1.83825
2.154	5.841	2.67	6.266	0.0015	1.83825
14.143	8.436	14.713	8.786	0.0015	1.83825
2.029	13.814	2.045	13.144	0.0018	2.64708
15.343	12.766	15.625	13.374	0.0023	4.32193
8.606	14.383	9.23	14.628	0.0015	1.83825
10.243	5.472	10.81	5.83	0.0015	1.83825
16.696	9.361	16.73	10.031	0.0018	2.64708
12.673	10.103	13.299	10.345	0.0015	1.83825
14.939	5.63	15.472	6.038	0.0015	1.83825
5.835	4.072	6.449	4.35	0.0015	1.83825
12.588	2.537	11.995	2.215	0.0015	1.83825
7.591	0.693	8.223	0.931	0.0015	1.83825
15.937	7.048	16.481	7.451	0.0015	1.83825
4.39	7.375	4.825	7.894	0.0023	4.32193
13.565	8.082	14.143	8.436	0.0015	1.83825
11.995	2.215	11.962	2.893	0.0018	2.64708
9.871	8.105	10.314	8.62	0.0023	4.32193
6.841	5.664	7.423	6.015	0.0015	1.83825
8.681	8.54	8.715	9.221	0.0018	2.64708
14.03	6.735	14.628	7.063	0.0015	1.83825
6.375	14.791	7.054	14.856	0.0007625	0.47500890625
10.742	17.113	11.089	17.701	0.0023	4.32193
6.942	15.568	6.883	16.249	0.0018	2.64708
14.054	5.317	14.582	5.752	0.0015	1.83825
10.969	7.174	11.587	7.468	0.0015	1.83825
5.032	14.563	5.559	15.002	0.0015	1.83825
12.778	4.629	12.772	5.315	0.0018	2.64708
13.84	1.67	14.344	2.136	0.0015	1.83825
16.38	5.129	15.785	4.786	0.0015	1.83825
14.311	4.167	14.91	4.504	0.0015	1.83825
8.741	6.386	8.258	5.895	0.0015	1.83825
7.454	14.267	8.073	14.572	0.0015	1.83825
11.549	8.25	11.08	7.741	0.0023	4.32193
3.696	5.173	4.203	5.647	0.0015	1.83825
16.167	3.817	16.686	4.278	0.0015	1.83825
3.328	2.938	3.961	3.224	0.0015	1.83825
4.435	15.149	4.599	15.826	0.0023	4.32193
10.324	9.05	10.937	9.382	0.0015	1.83825
1.969	6.405	2.592	6.72	0.0015	1.83825
15.147	13.035	15.34	13.706	0.0023	4.32193
8.58	2.148	8.827	2.803	0.0023	4.32193
4.107	13.917	4.271	14.598	0.0023	4.32193
12.65	3.946	13.191	4.392	0.0015	1.83825
4.544	13.475	4.017	13.012	0.0015	1.83825
7.403	6.236	8.007	6.593	0.0015	1.83825
13.144	8.438	13.513	9.035	0.0023	4.32193
16.751	7.651	17.315	8.069	0.0015	1.83825
3.242	12.917	3.94	13.002	0.0007625	0.47500890625
11.198	11.407	11.869	11.619	0.0015	1.83825
6.37	4.937	6.832	5.469	0.0023	4.32193
8.54	12.936	9.159	13.276	0.0015	1.83825
4.036	13.549	4.736	13.644	0.0007625	0.47500890625
10.574	11.511	11.215	11.812	0.0015	1.83825
16.561	8.002	16.663	8.703	0.0018	2.64708
8.105	13.111	8.753	13.4	0.0015	1.83825
13.86	3.95	14.234	4.553	0.0023	4.32193
5.81	2.113	6.455	2.414	0.0015	1.83825
15.836	13.83	16.136	14.476	0.0023	4.32193
6.449	4.35	6.878	4.919	0.0023	4.32193
16.167	3.817	16.285	4.521	0.0023	4.32193
4.963	10.526	5.141	11.219	0.0023	4.32193
10.127	17.886	9.6	17.4	0.0015	1.83825
8.75	9.927	9.297	10.392	0.0015	1.83825
8.336	14.982	9.052	15.053	0.0007625	0.47500890625
16.843	8.222	16.881	8.941	0.0018	2.64708
8.297	13.598	8.959	13.884	0.0015	1.83825
4.493	5.93	5.003	6.44	0.0015	1.83825
1.655	10.625	2.218	11.076	0.0015	1.83825
16.691	5.848	16.971	6.513	0.0023	4.32193
13.461	9.012	12.786	8.754	0.0015	1.83825
10.719	5.113	10.81	5.83	0.0018	2.64708
16.117	9.647	16.73	10.031	0.0015	1.83825
5.825	13.926	6.469	14.257	0.0015	1.83825
8.753	13.4	9.415	13.694	0.0015	1.83825
11.102	1.031	11.146	1.755	0.0018	2.64708
4.312	6.651	4.39	7.375	0.0018	2.64708
1.878	11.687	1.701	10.98	0.0023	4.32193
11.507	3.102	11.857	3.743	0.0023	4.32193
14.111	4.662	14.689	5.115	0.0015	1.83825
9.505	14.372	9.565	15.104	0.0018	2.64708
7.588	4.368	8.026	4.958	0.0023	4.32193
12.56	11.398	13.214	11.734	0.0015	1.83825
6.883	16.249	7.419	16.753	0.0015	1.83825
9.32	5.697	9.612	6.374	0.0023	4.32193
11.388	2.471	11.957	2.941	0.0015	1.83825
8.065	5.692	7.555	5.155	0.0023	4.32193
8.128	10.279	8.785	10.621	0.0015	1.83825
15.026	11.264	15.119	12	0.0018	2.64708
7.933	1.216	8.359	1.825	0.0023	4.32193
5.074	1.77	5.748	2.084	0.0015	1.83825
5.323	1.279	5.95	1.68	0.0015	1.83825
9.743	9.204	9.954	9.92	0.0023	4.32193
4.458	14.085	5.032	14.563	0.0015	1.83825
11.531	10.307	11.838	10.988	0.0023	4.32193
8.977	3.567	9.121	4.302	0.0023	4.32193
11.018	7.685	10.461	7.184	0.0015	1.83825
14.004	6.5	14.571	6.991	0.0015	1.83825
0.792	12.617	1.538	12.708	0.0007625	0.47500890625
4.983	5.638	5.002	6.392	0.0018	2.64708
14.033	10.099	14.386	10.766	0.0023	4.32193
4.852	15.899	5.448	16.363	0.0015	1.83825
8.656	0.801	9.333	1.137	0.0015	1.83825
5.089	4.606	5.737	4.997	0.0015	1.83825
12.439	14.469	13.123	14.793	0.0015	1.83825
15.625	13.374	16.243	13.811	0.0015	1.83825
11.533	8.573	12.188	8.956	0.0015	1.83825
3.242	12.917	3.075	12.175	0.0023	4.32193
16.098	8.889	16.696	9.361	0.0015	1.83825
10.662	13.001	10.776	13.755	0.0018	2.64708
6.752	12.491	7.442	12.816	0.0015	1.83825
17.367	7.904	17.991	8.343	0.0015	1.83825
16.579	6.566	17.187	7.027	0.0015	1.83825
7.482	5.559	8.006	6.114	0.0023	4.32193
13.768	3.384	14.11	4.068	0.0023	4.32193
6.106	7.747	6.707	8.22	0.0015	1.83825
8.876	5.633	8.741	6.386	0.0018	2.64708
12.105	5.322	12.768	5.704	0.0015	1.83825
6.223	4.534	6.726	5.113	0.0023	4.32193
10.81	5.83	10.907	6.591	0.0018	2.64708
8.356	13.747	9.045	14.085	0.0015	1.83825
9.795	12.126	10.54	12.32	0.0015	1.83825
7.805	12.54	8.486	12.906	0.0015	1.83825
8.007	6.593	8.673	6.987	0.0015	1.83825
9.633	1.503	9.752	2.269	0.0018	2.64708
10.294	8.809	10.889	9.306	0.0015	1.83825
6.78	12.996	7.483	13.328	0.0015	1.83825
1.366	13.712	2.022	14.138	0.0015	1.83825
4.998	7.344	5.549	7.902	0.0015	1.83825
7.555	5.155	7.015	4.586	0.0023	4.32193
10.335	16.857	9.7	16.392	0.0015	1.83825
14.628	11.222	14.96	11.939	0.0023	4.32193
5.211	1.5	5.748	2.084	0.0023	4.32193
6.919	1.114	7.636	1.455	0.0015	1.83825
16.717	7.447	17.367	7.904	0.0015	1.83825
8.879	8.267	9.579	8.646	0.0015	1.83825
0.417	8.727	0.244	7.95	0.0023	4.32193
15.093	5.151	15.719	5.644	0.0015	1.83825
3.354	9.584	4.024	10.017	0.0015	1.83825
9.316	3.396	9.994	3.82	0.0015	1.83825
7.731	2.592	8.386	3.054	0.0015	1.83825
11.042	12.45	11.4	13.17	0.0023	4.32193
12.588	1.356	13.272	1.78	0.0015	1.83825
9.23	0	9.303	0.802	0.0018	2.64708
0.209	11.037	0.825	11.557	0.0015	1.83825
5.08	4.198	5.657	4.762	0.0015	1.83825
4.976	5.325	5.67	5.737	0.0015	1.83825
8.677	13.231	9.398	13.596	0.0015	1.83825
15.109	14.216	14.669	13.538	0.0023	4.32193
14.399	4.419	15.029	4.927	0.0015	1.83825
10.314	8.62	10.843	9.235	0.0023	4.32193
3.681	12.716	3.075	12.175	0.0015	1.83825
14.552	11.08	13.793	10.786	0.0015	1.83825
8.026	4.958	8.784	5.255	0.0015	1.83825
9.885	7.62	9.908	6.806	0.0018	2.64708
4.563	14.838	5.196	15.358	0.0015	1.83825
3.354	9.584	3.527	10.387	0.0023	4.32193
3.321	7.926	4.071	8.269	0.0015	1.83825
16.022	8.262	16.666	8.778	0.0015	1.83825
1.065	10.006	1.741	10.482	0.0015	1.83825
4.537	9.384	5.234	9.83	0.0015	1.83825
4.089	15.407	3.782	14.638	0.0023	4.32193
6.757	6.839	6.175	6.249	0.0015	1.83825
3.782	14.638	4.435	15.149	0.0015	1.83825
8.73	9.522	9.448	9.937	0.0015	1.83825
14.818	9.62	14.922	10.443	0.0018	2.64708
3.478	2.12	3.328	2.938	0.0018	2.64708
10.34	10.56	10.433	11.388	0.0018	2.64708
5.58	2.83	5.061	2.177	0.0023	4.32193
17.315	8.069	17.986	8.566	0.0015	1.83825
6.09	5.986	6.83	6.375	0.0015	1.83825
16.971	6.513	17.658	6.991	0.0015	1.83825
6.754	12.242	7.496	12.633	0.0015	1.83825
0.825	11.557	1.469	12.1	0.0015	1.83825
13.745	12.114	13.432	11.331	0.0023	4.32193
9.612	16.836	10.282	17.355	0.0015	1.83825
0.963	7.641	1.737	7.988	0.0015	1.83825
14.432	3.046	15.083	3.595	0.0015	1.83825
4.537	9.384	4.871	10.169	0.0023	4.32193
4.098	8.282	4.876	8.633	0.0015	1.83825
13.15	12.047	13.931	12.4	0.0015	1.83825
5.234	9.83	5.957	10.292	0.0015	1.83825
3.534	13.896	3.278	13.077	0.0023	4.32193
10.465	11.666	10.99	12.346	0.0023	4.32193
3.643	1.774	4.274	2.36	0.0015	1.83825
6.27	16.767	6.835	17.419	0.0023	4.32193
6.218	16.962	6.835	17.571	0.0015	1.83825
16.008	6.948	16.717	7.447	0.0015	1.83825
16.658	6.873	17.335	7.416	0.0015	1.83825
0.171	7.285	0.963	7.641	0.0015	1.83825
16.41	5.346	16.529	6.207	0.0018	2.64708
12.786	8.754	11.972	8.443	0.0015	1.83825
1.995	12.552	1.878	11.687	0.0018	2.64708
6.673	11.212	7.499	11.495	0.0015	1.83825
18	8.713	17.263	8.24	0.0015	1.83825
7.499	12.375	7.499	11.495	0.0018	2.64708
6.878	4.919	7.482	5.559	0.0023	4.32193
6.723	11.959	7.499	12.375	0.0015	1.83825
8.143	16.113	7.47	15.543	0.0015	1.83825
9.164	12.266	9.317	13.136	0.0023	4.32193
4.179	10.117	4.963	10.526	0.0015	1.83825
4.323	11.831	4.583	12.677	0.0023	4.32193
3.586	14.035	4.271	14.598	0.0015	1.83825
11.493	17.587	10.742	17.113	0.0015	1.83825
6.82	5.21	7.438	5.85	0.0023	4.32193
11.033	9.531	11.514	10.28	0.0023	4.32193
9.843	15.412	10.443	16.072	0.0023	4.32193
3.301	8.689	4.079	9.126	0.0015	1.83825
4.024	10.017	4.079	9.126	0.0018	2.64708
6.118	5.587	6.862	6.088	0.0015	1.83825
13.191	4.392	13.875	4.976	0.0015	1.83825
6.136	6.157	6.906	6.626	0.0015	1.83825
9.088	7.233	9.884	7.658	0.0015	1.83825
6.066	4.8	5.445	4.145	0.0023	4.32193
12.518	10.83	13.31	11.264	0.0015	1.83825
7.436	14.56	8.256	14.944	0.0015	1.83825
6.37	7.138	6.958	7.831	0.0023	4.32193
5.094	14.874	5.753	15.5	0.0015	1.83825
13.096	3.884	13.818	4.437	0.0015	1.83825
13.233	6.27	14.02	6.73	0.0015	1.83825
11.023	8.732	10.367	8.099	0.0015	1.83825
12.203	11.57	13.015	11.986	0.0015	1.83825
8.12	3.254	8.977	3.567	0.0015	1.83825
6.934	15.562	6.204	15.012	0.0015	1.83825
7.508	17.286	8.153	17.934	0.0015	1.83825
7.403	15.126	8.126	15.686	0.0015	1.83825
5.777	0.569	6.605	0.964	0.0015	1.83825
2.337	5.31	2.656	6.171	0.0023	4.32193
2.674	6.269	3.391	6.844	0.0015	1.83825
7.218	3.87	7.306	2.952	0.0018	2.64708
17.379	5.706	16.579	5.244	0.0015	1.83825
14.098	11.605	14.96	11.939	0.0015	1.83825
10.436	7.425	11.058	8.109	0.0023	4.32193
1.821	8.144	2.265	8.961	0.0023	4.32193
6.851	16.627	7.508	17.286	0.0015	1.83825
8.68	7.541	9.42	8.106	0.0015	1.83825
6.161	3.562	5.58	2.83	0.0023	4.32193
7.064	8.56	7.741	9.206	0.0015	1.83825
6.455	2.414	7.323	2.766	0.0015	1.83825
5.002	8.922	5.234	9.83	0.0023	4.32193
2.785	3.242	2.61	4.167	0.0018	2.64708
6.338	3.773	7.189	4.178	0.0015	1.83825
10.492	7.983	11.315	8.446	0.0015	1.83825
8.036	6.145	8.69	6.828	0.0023	4.32193
12.14	7.923	12.721	8.67	0.0023	4.32193
9.6	17.4	8.903	16.757	0.0015	1.83825
7.778	11.591	7.805	12.54	0.0018	2.64708
11.911	3.35	12.65	3.946	0.0015	1.83825
6.816	9.595	7.659	10.034	0.0015	1.83825
14.228	4.282	14.689	5.115	0.0023	4.32193
14.033	10.099	14.922	10.443	0.0015	1.83825
12.605	14.795	13.039	15.648	0.0023	4.32193
10.013	3.946	10.153	4.894	0.0018	2.64708
6.631	0.332	7.529	0.67	0.0015	1.83825
12.125	14.624	12.555	15.486	0.0023	4.32193
11.857	3.743	12.631	4.32	0.0015	1.83825
11.995	2.215	11.146	1.755	0.0015	1.83825
2.988	4.51	3.696	5.173	0.0015	1.83825
13.931	12.4	14.818	12.802	0.0015	1.83825
4.312	6.651	4.998	7.344	0.0015	1.83825
4.945	4.597	5.775	5.109	0.0015	1.83825
5.448	16.363	6.218	16.962	0.0015	1.83825
11.61	6.974	12.47	7.442	0.0015	1.83825
8.977	3.567	9.899	3.904	0.0015	1.83825
3.33	14.784	4.089	15.407	0.0015	1.83825
15.719	5.644	16.529	6.207	0.0015	1.83825
2.257	12.796	3.242	12.917	0.0007625	0.47500890625
17.986	9.111	17.202	8.501	0.0015	1.83825
2.774	6.811	3.662	7.259	0.0015	1.83825
13.513	9.036	13.945	9.932	0.0023	4.32193
5.67	5.737	4.971	5.028	0.0015	1.83825
3.321	7.926	4.088	8.561	0.0015	1.83825
8.903	16.757	8.143	16.113	0.0015	1.83825
8.073	14.572	8.979	15.017	0.0015	1.83825
11.857	3.743	12.341	4.629	0.0023	4.32193
4.825	7.894	5.706	8.39	0.0015	1.83825
0.781	12.035	1.537	12.707	0.0015	1.83825
1.821	3.534	2.61	4.167	0.0015	1.83825
6.838	16.784	7.545	17.51	0.0023	4.32193
13.272	1.78	14.135	2.315	0.0015	1.83825
5.716	12.492	6.541	13.086	0.0015	1.83825
13.305	2.456	13.76	3.367	0.0023	4.32193
16.561	8.002	15.757	7.375	0.0015	1.83825
9.19	4.555	10.153	4.894	0.0015	1.83825
6.992	4.559	6.338	3.773	0.0023	4.32193
3.766	2.207	4.482	2.938	0.0023	4.32193
4.69	15.901	5.484	16.551	0.0015	1.83825
8.409	12.655	9.317	13.136	0.0015	1.83825
4.714	16.141	5.525	16.774	0.0015	1.83825
3.255	3.336	4.081	3.958	0.0015	1.83825
12.942	13.06	13.15	12.047	0.0018	2.64708
1.3	9.714	2.155	10.302	0.0015	1.83825
5.094	6.436	6.033	6.889	0.0015	1.83825
6.74	5.597	6.066	4.8	0.0023	4.32193
9.612	6.374	8.876	5.633	0.0015	1.83825
1.93	6.579	2.829	7.111	0.0015	1.83825
13.224	7.266	14.1	7.838	0.0015	1.83825
2.022	14.138	2.903	14.708	0.0015	1.83825
13.034	4.131	13.855	4.788	0.0015	1.83825
7.659	10.034	7.751	11.083	0.0018	2.64708
2.748	5.42	3.396	6.251	0.0023	4.32193
8.937	3.364	9.856	3.88	0.0015	1.83825
11.127	14.267	12.125	14.624	0.0015	1.83825
11.82	5.549	12.765	6.032	0.0015	1.83825
5.623	0.688	6.522	1.256	0.0015	1.83825
4.242	11.567	5.277	11.829	0.0015	1.83825
11.841	12.798	12.882	13.044	0.0015	1.83825
8.675	7.711	9.505	8.393	0.0015	1.83825
6.469	14.257	7.425	14.749	0.0015	1.83825
9.828	12.152	10.639	12.871	0.0015	1.83825
1.701	10.98	0.844	10.316	0.0015	1.83825
0.735	5.421	1.515	6.176	0.0015	1.83825
9.448	9.937	10.34	10.56	0.0015	1.83825
16.125	13.523	15.343	12.766	0.0015	1.83825
5.606	15.695	6.451	16.387	0.0015	1.83825
12.768	5.704	13.717	6.251	0.0015	1.83825
11.298	5.606	11.905	6.518	0.0023	4.32193
17.251	5.402	16.33	4.791	0.0015	1.83825
8.785	10.621	9.766	11.132	0.0015	1.83825
4.936	8.662	5.929	9.154	0.0015	1.83825
3.075	12.175	2.248	11.435	0.0015	1.83825
6.435	1.561	7.382	2.149	0.0015	1.83825
17.768	11.042	16.758	10.555	0.0015	1.83825
5	7.008	5.82	7.774	0.0015	1.83825
5.48	0.969	6.435	1.561	0.0015	1.83825
11.93	7.632	12.946	8.117	0.0015	1.83825
12.14	7.923	13.144	8.438	0.0015	1.83825
13.615	11.418	12.847	10.584	0.0023	4.32193
11.658	9.619	12.541	10.331	0.0015	1.83825
6.391	1.717	7.352	2.324	0.0015	1.83825
1.119	9.486	2.153	9.961	0.0015	1.83825
16.285	4.521	17.189	5.217	0.0015	1.83825
5.748	12.508	6.78	12.996	0.0015	1.83825
11.514	10.28	12.518	10.83	0.0015	1.83825
5.82	7.774	6.74	8.457	0.0015	1.83825
1.176	4.534	2.284	4.827	0.0015	1.83825
0.982	8.552	1.713	9.435	0.0023	4.32193
2.2	10.848	3.097	11.564	0.0015	1.83825
1.575	3.918	2.284	4.827	0.0023	4.32193
17.065	9.097	17.967	9.818	0.0015	1.83825
5.413	1.1	6.391	1.717	0.0015	1.83825
9.557	7.214	8.741	6.386	0.0015	1.83825
13.299	10.345	14.386	10.766	0.0015	1.83825
3.402	5.103	4.233	5.924	0.0015	1.83825
11.905	6.518	12.553	7.49	0.0023	4.32193
0.579	10.966	0.532	9.798	0.0018	2.64708
6.332	1.925	7.319	2.556	0.0015	1.83825
12.553	7.49	13.565	8.082	0.0015	1.83825
7.278	3.951	8.405	4.278	0.0015	1.83825
10.817	10.408	11.838	10.988	0.0015	1.83825
6.999	7.421	7.45	8.508	0.0023	4.32193
5.002	8.922	6.106	9.332	0.0015	1.83825
3.008	8.083	4.088	8.561	0.0015	1.83825
11.4	13.17	11.927	14.227	0.0023	4.32193
5.737	4.997	6.75	5.609	0.0015	1.83825
2.414	5.084	3.026	6.1	0.0023	4.32193
1.798	9.472	2.846	10.032	0.0015	1.83825
11.102	1.031	11.986	1.835	0.0015	1.83825
10.81	5.83	11.82	6.47	0.0015	1.83825
8.727	8.571	9.743	9.204	0.0015	1.83825
16.743	10.28	17.806	10.833	0.0015	1.83825
3.313	4.342	4.079	5.264	0.0023	4.32193
9.956	13.935	11.11	14.262	0.0015	1.83825
6.103	14.916	5.236	14.082	0.0015	1.83825
0.621	8.239	0.915	9.406	0.0023	4.32193
6.863	9.871	7.29	10.999	0.0023	4.32193
8.223	0.931	9.353	1.356	0.0015	1.83825
8.723	1.636	9.752	2.269	0.0015	1.83825
5.526	10.819	6.673	11.212	0.0015	1.83825
1.674	3.723	2.531	4.583	0.0015	1.83825
15.078	6.161	16.008	6.948	0.0015	1.83825
2.265	8.961	2.846	10.032	0.0023	4.32193
14.682	8.218	15.709	8.879	0.0015	1.83825
5.368	15.936	6.27	16.767	0.0015	1.83825
12.911	5.398	13.97	6.03	0.0015	1.83825
8.39	15.007	9.584	15.34	0.0015	1.83825
6.118	2.511	6.916	3.462	0.0023	4.32193
2.011	14.624	3.036	15.325	0.0015	1.83825
7.482	8.802	8.405	9.633	0.0015	1.83825
10.824	10.864	11.933	11.432	0.0015	1.83825
2.218	11.076	3.192	11.858	0.0015	1.83825
4.949	4.886	5.953	5.63	0.0015	1.83825
9.743	9.204	10.809	9.869	0.0015	1.83825
6.436	0.365	7.527	1	0.0015	1.83825
4.065	10.994	5.217	11.517	0.0015	1.83825
6.118	2.511	7.306	2.952	0.0015	1.83825
16.606	13.807	15.942	12.725	0.0023	4.32193
6.087	7.518	7.001	8.4	0.0015	1.83825
9.59	13.281	10.776	13.755	0.0015	1.83825
11.81	9.111	12.635	10.088	0.0023	4.32193
5.806	5.127	6.851	5.866	0.0015	1.83825
16.73	10.031	17.815	10.71	0.0015	1.83825
8.594	1.954	9.78	2.443	0.0015	1.83825
8.057	3.23	8.663	4.369	0.0023	4.32193
13.089	15.746	14.277	16.25	0.0015	1.83825
3.396	6.251	4.259	7.219	0.0023	4.32193
15.34	13.706	15.7	14.955	0.0023	4.32193
3.666	7.262	4.814	7.888	0.0015	1.83825
5.003	6.44	5.929	7.366	0.0015	1.83825
0.977	13.029	2.029	13.814	0.0015	1.83825
13.063	9.937	12.188	8.956	0.0023	4.32193
10.465	4.115	11.109	5.268	0.0023	4.32193
6.74	8.457	7.67	9.396	0.0015	1.83825
7.709	9.425	8.765	10.22	0.0015	1.83825
7.532	7.489	8.678	8.151	0.0015	1.83825
7.554	6.831	8.674	7.537	0.0015	1.83825
12.659	3.381	13.86	3.95	0.0015	1.83825
9.604	15.345	10.349	16.449	0.0023	4.32193
6.522	1.256	7.655	1.973	0.0015	1.83825
2.694	10.672	3.797	11.448	0.0015	1.83825
1.717	7.191	2.948	7.755	0.0015	1.83825
14.669	13.538	13.931	12.4	0.0023	4.32193
4.983	5.638	6.062	6.465	0.0015	1.83825
5.047	8.158	5.96	9.17	0.0023	4.32193
14.736	8.97	15.98	9.563	0.0015	1.83825
10.152	3.556	11.44	4.06	0.0015	1.83825
5.496	11.898	6.752	12.491	0.0015	1.83825
5.445	13.385	6.77	13.805	0.0015	1.83825
5.87	15.295	6.883	16.249	0.0015	1.83825
8.707	11.258	9.795	12.126	0.0015	1.83825
5.002	6.684	5.995	7.66	0.0015	1.83825
15.121	12.558	14.098	11.605	0.0015	1.83825
4.323	11.831	5.442	12.672	0.0015	1.83825
7.494	8.533	8.715	9.221	0.0015	1.83825
15.472	6.038	16.618	6.845	0.0015	1.83825
15.109	14.216	15.092	15.619	0.0018	2.64708
7.71	2.36	8.889	3.121	0.0015	1.83825
4.931	2.993	5.835	4.072	0.0023	4.32193
5.753	15.5	6.74	16.516	0.0023	4.32193
15.757	7.375	14.609	6.537	0.0015	1.83825
8.715	9.221	9.954	9.92	0.0015	1.83825
14.818	9.62	13.513	9.035	0.0015	1.83825
9.303	0.802	8.023	0.152	0.0015	1.83825
5.525	16.774	6.659	17.659	0.0015	1.83825
7.482	8.802	8.73	9.522	0.0015	1.83825
13.768	3.384	12.588	2.537	0.0015	1.83825
0.406	6.562	1.717	7.191	0.0015	1.83825
5.383	3.867	6.37	4.937	0.0023	4.32193
11.598	5.462	12.721	6.422	0.0015	1.83825
12.65	9.225	13.883	10.041	0.0015	1.83825
11.957	2.941	13.096	3.884	0.0015	1.83825
13.268	1.442	14.371	2.429	0.0015	1.83825
12.778	4.624	13.936	5.553	0.0015	1.83825
14.713	8.786	15.98	9.563	0.0015	1.83825
2.296	10.027	3.606	10.748	0.0015	1.83825
9.994	0.023	11.102	1.031	0.0015	1.83825
14.344	2.136	15.444	3.153	0.0015	1.83825
7.384	6.442	8.623	7.285	0.0015	1.83825
15.382	5.658	16.579	6.566	0.0015	1.83825
11.384	9.624	12.661	10.428	0.0015	1.83825
9.297	10.392	10.433	11.388	0.0015	1.83825
5.654	16.691	6.783	17.697	0.0015	1.83825
13.276	2.071	14.432	3.046	0.0015	1.83825
11.905	6.518	13.224	7.266	0.0015	1.83825
3.192	11.858	4.293	12.901	0.0015	1.83825
1.737	7.988	3.129	8.612	0.0015	1.83825
12.582	15.531	13.361	16.843	0.0023	4.32193
14.386	2.572	15.454	3.665	0.0023	4.32193
0.972	4.871	2.154	5.841	0.0015	1.83825
10.682	1.503	9.303	0.802	0.0015	1.83825
16.696	9.361	17.91	10.321	0.0015	1.83825
12.631	4.32	13.9	5.209	0.0015	1.83825
4.754	16.542	6.024	17.44	0.0015	1.83825
0.925	5.023	2.071	6.082	0.0015	1.83825
13.375	8.557	14.772	9.255	0.0015	1.83825
10.013	2.49	11.322	3.343	0.0015	1.83825
12.942	13.06	14.476	13.49	0.0015	1.83825
0.834	10.308	1.38	11.806	0.0023	4.32193
10.961	14.751	12.398	15.453	0.0015	1.83825
12.762	6.451	14.067	7.377	0.0015	1.83825
7.485	16.814	8.623	17.953	0.0015	1.83825
8.804	11.276	10.388	11.567	0.0007625	0.47500890625
2.029	13.814	3.33	14.784	0.0015	1.83825
15.029	4.927	16.297	5.948	0.0015	1.83825
12.19	9.87	11.023	8.732	0.0015	1.83825
11.692	13.001	12.439	14.469	0.0023	4.32193
5.246	11.53	6.738	12.234	0.0015	1.83825
15.472	4.568	14.111	3.624	0.0015	1.83825
6.963	15.312	8.157	16.462	0.0015	1.83825
14.592	6.05	15.937	7.048	0.0015	1.83825
2.903	14.708	4.229	15.758	0.0015	1.83825
14.91	4.504	16.41	5.346	0.0015	1.83825
13.306	15.078	14.898	15.737	0.0015	1.83825
10.34	8.49	11.658	9.619	0.0015	1.83825
8.765	10.22	10.155	11.265	0.0015	1.83825
3.036	15.325	4.457	16.331	0.0015	1.83825
5.141	11.219	6.721	11.957	0.0015	1.83825
14.694	7.099	16.022	8.262	0.0015	1.83825
11.066	0.444	12.588	1.356	0.0015	1.83825
6.405	9.443	6.673	11.212	0.0018	2.64708
2.257	12.796	3.573	14.023	0.0015	1.83825
14.66	7.805	16.098	8.889	0.0015	1.83825
13.394	14.922	15.064	15.614	0.0015	1.83825
3.527	10.387	5.137	11.217	0.0015	1.83825
15.465	4.218	13.955	3.217	0.0015	1.83825
2.94	4.994	4.236	6.294	0.0015	1.83825
3.097	11.564	4.583	12.677	0.0015	1.83825
8.126	15.686	9.612	16.836	0.0015	1.83825
11.033	9.531	12.667	10.479	0.0015	1.83825
0.561	8.109	2.265	8.961	0.0015	1.83825
10.443	16.072	11.739	17.497	0.0023	4.32193
9.785	1.361	11.388	2.471	0.0015	1.83825
7.907	11.635	9.795	12.126	0.0015	1.83825
12.946	8.117	14.736	8.97	0.0015	1.83825
8.163	16.468	9.501	17.957	0.0023	4.32193
6.999	7.421	8.681	8.54	0.0015	1.83825
6.906	6.626	8.642	7.684	0.0015	1.83825
10.465	4.115	12.105	5.322	0.0015	1.83825
14.893	9.316	16.743	10.28	0.0015	1.83825
16.758	10.555	14.837	9.628	0.0015	1.83825
5.706	8.39	7.601	9.37	0.0015	1.83825
5.161	2.642	6.449	4.35	0.0023	4.32193
12.18	17.388	10.872	15.687	0.0023	4.32193
15.131	12.005	17.066	12.934	0.0015	1.83825
8.959	13.884	10.961	14.751	0.0015	1.83825
2.045	13.144	3.776	14.632	0.0015	1.83825
13.123	14.793	11.841	12.798	0.0023	4.32193
17.417	12.19	15.026	11.264	0.0015	1.83825
11.074	0.581	13.205	2.011	0.0015	1.83825
0.653	7.041	3.008	8.083	0.0015	1.83825
14.992	10.994	17.521	11.915	0.0015	1.83825
0.47	6.123	2.898	7.575	0.0015	1.83825
14.936	10.449	17.564	11.786	0.0015	1.83825
