1730					
0.031102	0.000249	0.03286	0.003501	0.002269	4.206210937
0.03286	0.003501	0.036	0.009312	0.002269	4.206210937
0.036	0.009312	0.040932	0.014535	0.002269	4.206210937
0.040932	0.014535	0.040951	0.014556	0.002269	4.206210937
0.040932	0.014535	0.040933	0.014538	0.000575	0.270120625
0.040933	0.014538	0.041231	0.015067	0.000575	0.270120625
0.041231	0.015067	0.041828	0.016128	0.000575	0.270120625
0.041828	0.016128	0.045487	0.023922	0.000575	0.270120625
0.045487	0.023922	0.045534	0.024021	0.000575	0.270120625
0.045534	0.024021	0.045757	0.024497	0.000575	0.270120625
0.045757	0.024497	0.046312	0.02559	0.000575	0.270120625
0.050052	0.03281	0.050056	0.032824	0.000081	0.005360337
0.044889	0.013624	0.046607	0.015982	0.001845	2.781088425
0.046607	0.015982	0.049184	0.021271	0.001845	2.781088425
0.049184	0.021271	0.049421	0.021756	0.001845	2.781088425
0.049421	0.021756	0.050696	0.02423	0.001845	2.781088425
0.050696	0.02423	0.050869	0.024565	0.001845	2.781088425
0.050869	0.024565	0.054839	0.032263	0.001845	2.781088425
0.058896	0.031084	0.058743	0.030973	0.000329	0.088432897
0.058743	0.030973	0.057083	0.029772	0.000329	0.088432897
0.057083	0.029772	0.056987	0.029703	0.000329	0.088432897
0.056987	0.029703	0.056977	0.029695	0.000329	0.088432897
0.056977	0.029695	0.055204	0.028809	0.000329	0.088432897
0.055204	0.028809	0.053137	0.026785	0.000329	0.088432897
0.053137	0.026785	0.050869	0.024565	0.000329	0.088432897
0.055649	0.030622	0.05528	0.030018	0.00019	0.0294937
0.05528	0.030018	0.054622	0.029118	0.00019	0.0294937
0.054622	0.029118	0.053137	0.026785	0.00019	0.0294937
0.036322	0.000206	0.037044	0.001257	0.000212	0.036719248
0.037044	0.001257	0.038155	0.003461	0.000212	0.036719248
0.038155	0.003461	0.038177	0.003504	0.000212	0.036719248
0.038177	0.003504	0.038674	0.004486	0.000212	0.036719248
0.038674	0.004486	0.039228	0.005578	0.000212	0.036719248
0.039228	0.005578	0.040534	0.00873	0.000212	0.036719248
0.040534	0.00873	0.041923	0.012028	0.000212	0.036719248
0.033545	0.000224	0.035244	0.001759	0.000137	0.015334273
0.035244	0.001759	0.037495	0.003075	0.000137	0.015334273
0.037495	0.003075	0.038155	0.003461	0.000137	0.015334273
0.037495	0.003075	0.037727	0.003552	0.000053	0.002294953
0.037727	0.003552	0.038385	0.004329	0.000053	0.002294953
0.038385	0.004329	0.038674	0.004486	0.000053	0.002294953
0.038674	0.004486	0.039764	0.005078	0.000053	0.002294953
0.039764	0.005078	0.040322	0.006037	0.000053	0.002294953
0.040322	0.006037	0.041683	0.008084	0.000053	0.002294953
0.041683	0.008084	0.042277	0.009185	0.000053	0.002294953
0.040632	0.007444	0.041222	0.008052	0.000147	0.017654553
0.041222	0.008052	0.041957	0.008993	0.000147	0.017654553
0.041957	0.008993	0.042277	0.009185	0.000147	0.017654553
0.042277	0.009185	0.043798	0.010245	0.000147	0.017654553
0.043798	0.010245	0.045529	0.011528	0.000147	0.017654553
0.042219	0.000179	0.042713	0.001158	0.000149	0.018138217
0.042713	0.001158	0.042767	0.001266	0.000149	0.018138217
0.042767	0.001266	0.043827	0.002546	0.000149	0.018138217
0.043827	0.002546	0.046221	0.00729	0.000149	0.018138217
0.046221	0.00729	0.046808	0.008452	0.000149	0.018138217
0.042713	0.001158	0.043971	0.002402	0.000093	0.007066233
0.043971	0.002402	0.044611	0.002991	0.000093	0.007066233
0.044611	0.002991	0.046525	0.00527	0.000093	0.007066233
0.046525	0.00527	0.046899	0.006234	0.000093	0.007066233
0.046899	0.006234	0.0471	0.006751	0.000093	0.007066233
0.0471	0.006751	0.047361	0.00744	0.000093	0.007066233
0.047114	0.000136	0.047146	0.003333	0.000319	0.083138737
0.047146	0.003333	0.047149	0.003628	0.000319	0.083138737
0.046899	0.006234	0.046844	0.00631	0.000087	0.006183873
0.046844	0.00631	0.046351	0.007095	0.000087	0.006183873
0.046351	0.007095	0.046221	0.00729	0.000087	0.006183873
0.046221	0.00729	0.046022	0.007589	0.000087	0.006183873
0.046022	0.007589	0.045685	0.008813	0.000087	0.006183873
0.045685	0.008813	0.04562	0.009051	0.000087	0.006183873
0.04562	0.009051	0.045451	0.009786	0.000087	0.006183873
0.045451	0.009786	0.045332	0.010229	0.000087	0.006183873
0.05323	0.000355	0.053196	0.001273	0.000181	0.026765737
0.053196	0.001273	0.053224	0.00311	0.000181	0.026765737
0.053224	0.00311	0.053014	0.003621	0.000181	0.026765737
0.053014	0.003621	0.052831	0.003827	0.000181	0.026765737
0.052831	0.003827	0.052798	0.004283	0.000181	0.026765737
0.052798	0.004283	0.052753	0.004919	0.000181	0.026765737
0.052753	0.004919	0.052516	0.006444	0.000181	0.026765737
0.052516	0.006444	0.052443	0.007952	0.000181	0.026765737
0.052443	0.007952	0.051917	0.009007	0.000181	0.026765737
0.051917	0.009007	0.05162	0.009797	0.000181	0.026765737
0.05162	0.009797	0.051618	0.009813	0.000181	0.026765737
0.051618	0.009813	0.051456	0.010798	0.000181	0.026765737
0.051456	0.010798	0.051538	0.012214	0.000181	0.026765737
0.051538	0.012214	0.051438	0.013201	0.000181	0.026765737
0.051438	0.013201	0.051182	0.014069	0.000181	0.026765737
0.051182	0.014069	0.050816	0.015256	0.000181	0.026765737
0.050816	0.015256	0.050524	0.017038	0.000181	0.026765737
0.050524	0.017038	0.05046	0.017833	0.000181	0.026765737
0.05046	0.017833	0.049444	0.020572	0.000181	0.026765737
0.049444	0.020572	0.049184	0.021271	0.000181	0.026765737
0.057202	0.000096	0.057259	0.000276	0.001914	2.992994532
0.057259	0.000276	0.06076	0.011246	0.001914	2.992994532
0.06076	0.011246	0.060911	0.011718	0.001914	2.992994532
0.060911	0.011718	0.060905	0.012001	0.001914	2.992994532
0.060905	0.012001	0.060868	0.013719	0.001914	2.992994532
0.060868	0.013719	0.06086	0.014087	0.001914	2.992994532
0.06086	0.014087	0.060825	0.015713	0.001914	2.992994532
0.060825	0.015713	0.060796	0.017039	0.001914	2.992994532
0.060796	0.017039	0.060775	0.017996	0.001914	2.992994532
0.060775	0.017996	0.060695	0.021726	0.001914	2.992994532
0.060695	0.021726	0.060654	0.023595	0.001914	2.992994532
0.060654	0.023595	0.060619	0.025242	0.001914	2.992994532
0.060619	0.025242	0.060619	0.025253	0.001914	2.992994532
0.060868	0.013719	0.062907	0.018561	0.000356	0.103543312
0.062907	0.018561	0.063109	0.019085	0.000356	0.103543312
0.063109	0.019085	0.063404	0.019854	0.000356	0.103543312
0.063404	0.019854	0.063474	0.020037	0.000356	0.103543312
0.063474	0.020037	0.064616	0.02301	0.000356	0.103543312
0.064616	0.02301	0.06481	0.024121	0.000356	0.103543312
0.06481	0.024121	0.064828	0.024224	0.000356	0.103543312
0.064828	0.024224	0.06484	0.024295	0.000356	0.103543312
0.06484	0.024295	0.064881	0.024527	0.000356	0.103543312
0.064881	0.024527	0.065112	0.025078	0.000356	0.103543312
0.065112	0.025078	0.065648	0.026354	0.000356	0.103543312
0.065648	0.026354	0.066671	0.029935	0.000356	0.103543312
0.066671	0.029935	0.068088	0.033934	0.000356	0.103543312
0.068088	0.033934	0.068126	0.034043	0.000356	0.103543312
0.068126	0.034043	0.068225	0.034321	0.000356	0.103543312
0.068225	0.034321	0.068317	0.034717	0.000356	0.103543312
0.068317	0.034717	0.068627	0.036039	0.000356	0.103543312
0.068627	0.036039	0.068709	0.036724	0.000356	0.103543312
0.068709	0.036724	0.068956	0.038789	0.000356	0.103543312
0.068956	0.038789	0.069312	0.041575	0.000356	0.103543312
0.063109	0.019085	0.062569	0.016807	0.00016	0.0209152
0.062569	0.016807	0.062241	0.0161	0.00016	0.0209152
0.062241	0.0161	0.06203	0.015646	0.00016	0.0209152
0.06203	0.015646	0.061416	0.013657	0.00016	0.0209152
0.061416	0.013657	0.060905	0.012001	0.00016	0.0209152
0.062241	0.0161	0.063707	0.016592	0.00012	0.0117648
0.063707	0.016592	0.064054	0.016734	0.00012	0.0117648
0.064054	0.016734	0.066	0.017528	0.00012	0.0117648
0.066	0.017528	0.066758	0.018104	0.00012	0.0117648
0.066758	0.018104	0.066885	0.018162	0.00012	0.0117648
0.066885	0.018162	0.06735	0.018373	0.00012	0.0117648
0.06735	0.018373	0.070513	0.019812	0.00012	0.0117648
0.066885	0.018162	0.067644	0.018972	0.000082	0.005493508
0.067644	0.018972	0.068988	0.020114	0.000082	0.005493508
0.068988	0.020114	0.070513	0.02142	0.000082	0.005493508
0.061416	0.013657	0.064054	0.016734	0.000054	0.002382372
0.06735	0.018373	0.066735	0.01756	0.000057	0.002654433
0.066735	0.01756	0.065694	0.016939	0.000057	0.002654433
0.065694	0.016939	0.064748	0.016062	0.000057	0.002654433
0.064748	0.016062	0.063844	0.014943	0.000057	0.002654433
0.063844	0.014943	0.063208	0.013444	0.000057	0.002654433
0.063208	0.013444	0.063067	0.013111	0.000057	0.002654433
0.063067	0.013111	0.06076	0.011246	0.000057	0.002654433
0.06481	0.024121	0.065794	0.024614	0.000097	0.007687153
0.065794	0.024614	0.067009	0.025107	0.000097	0.007687153
0.067009	0.025107	0.067656	0.025261	0.000097	0.007687153
0.067656	0.025261	0.068123	0.025373	0.000097	0.007687153
0.068123	0.025373	0.069481	0.025696	0.000097	0.007687153
0.069481	0.025696	0.070477	0.02613	0.000097	0.007687153
0.063474	0.020037	0.064524	0.02132	0.000049	0.001961617
0.064524	0.02132	0.066064	0.023079	0.000049	0.001961617
0.066064	0.023079	0.067656	0.025261	0.000049	0.001961617
0.067581	0.024536	0.068123	0.025373	0.000158	0.020395588
0.068123	0.025373	0.068517	0.025979	0.000158	0.020395588
0.068517	0.025979	0.069051	0.02645	0.000158	0.020395588
0.069051	0.02645	0.070463	0.028528	0.000158	0.020395588
0.060695	0.021726	0.06484	0.024295	0.000148	0.017895568
0.060796	0.017039	0.062208	0.01873	0.000049	0.001961617
0.062208	0.01873	0.063404	0.019854	0.000049	0.001961617
0.060654	0.023595	0.063346	0.024664	0.000067	0.003667513
0.063346	0.024664	0.065112	0.025078	0.000067	0.003667513
0.049444	0.020572	0.05166	0.022763	0.000104	0.008836672
0.05166	0.022763	0.052218	0.023239	0.000104	0.008836672
0.052218	0.023239	0.052629	0.023476	0.000104	0.008836672
0.052629	0.023476	0.054045	0.025139	0.000104	0.008836672
0.054045	0.025139	0.055077	0.026007	0.000104	0.008836672
0.055077	0.026007	0.055297	0.026167	0.000104	0.008836672
0.054739	0.02603	0.055493	0.02672	0.000079	0.005098897
0.055493	0.02672	0.056082	0.027323	0.000079	0.005098897
0.056082	0.027323	0.057424	0.028229	0.000079	0.005098897
0.057424	0.028229	0.057549	0.028314	0.000079	0.005098897
0.057549	0.028314	0.058298	0.028844	0.000079	0.005098897
0.058298	0.028844	0.059367	0.029547	0.000079	0.005098897
0.059381	0.029684	0.061199	0.030808	0.000151	0.018628417
0.061199	0.030808	0.061248	0.030843	0.000151	0.018628417
0.061248	0.030843	0.062528	0.031749	0.000151	0.018628417
0.062528	0.031749	0.064392	0.032827	0.000151	0.018628417
0.064392	0.032827	0.066721	0.033697	0.000151	0.018628417
0.066721	0.033697	0.066739	0.033704	0.000151	0.018628417
0.066739	0.033704	0.067032	0.033814	0.000151	0.018628417
0.067032	0.033814	0.067882	0.034472	0.000151	0.018628417
0.067882	0.034472	0.068317	0.034717	0.000151	0.018628417
0.066721	0.033697	0.066737	0.0337	0.000081	0.005360337
0.066737	0.0337	0.068088	0.033934	0.000081	0.005360337
0.068126	0.034043	0.068355	0.034317	0.000387	0.122361273
0.068355	0.034317	0.070394	0.036756	0.000387	0.122361273
0.066649	0	0.067243	0.001916	0.000784	0.502173952
0.067243	0.001916	0.067544	0.002887	0.000784	0.502173952
0.067544	0.002887	0.067631	0.003001	0.000784	0.502173952
0.067631	0.003001	0.068307	0.003877	0.000784	0.502173952
0.068307	0.003877	0.068541	0.004181	0.000784	0.502173952
0.068541	0.004181	0.068558	0.004203	0.000784	0.502173952
0.068558	0.004203	0.070595	0.008406	0.000784	0.502173952
0.063085	0.000028	0.063694	0.000497	0.000144	0.016941312
0.063694	0.000497	0.06505	0.001544	0.000144	0.016941312
0.06505	0.001544	0.067243	0.001916	0.000144	0.016941312
0.070646	0.000124	0.069723	0.001238	0.000132	0.014235408
0.069723	0.001238	0.068389	0.002225	0.000132	0.014235408
0.068389	0.002225	0.068193	0.002426	0.000132	0.014235408
0.068193	0.002426	0.067631	0.003001	0.000132	0.014235408
0.068193	0.002426	0.069444	0.002782	0.000061	0.003040057
0.069444	0.002782	0.069456	0.002788	0.000061	0.003040057
0.069456	0.002788	0.070623	0.003381	0.000061	0.003040057
0.068541	0.004181	0.070609	0.005313	0.000234	0.044735652
0.061107	0.002728	0.061884	0.002728	0.000052	0.002209168
0.061884	0.002728	0.062295	0.002234	0.000052	0.002209168
0.062295	0.002234	0.062569	0.001969	0.000052	0.002209168
0.062569	0.001969	0.063181	0.002088	0.000052	0.002209168
0.063181	0.002088	0.063206	0.002092	0.000052	0.002209168
0.063206	0.002092	0.064004	0.002234	0.000052	0.002209168
0.064004	0.002234	0.064488	0.00302	0.000052	0.002209168
0.064488	0.00302	0.065073	0.003458	0.000052	0.002209168
0.065073	0.003458	0.066434	0.003815	0.000052	0.002209168
0.066434	0.003815	0.066946	0.003751	0.000052	0.002209168
0.066946	0.003751	0.067274	0.0036	0.000052	0.002209168
0.067274	0.0036	0.068307	0.003877	0.000052	0.002209168
0.053474	0.006222	0.056434	0.008534	0.000101	0.008334217
0.057259	0.000276	0.057047	0.002712	0.000223	0.040628593
0.057047	0.002712	0.056791	0.005647	0.000223	0.040628593
0.056791	0.005647	0.056607	0.007137	0.000223	0.040628593
0.056607	0.007137	0.056434	0.008534	0.000223	0.040628593
0.056434	0.008534	0.056437	0.00917	0.000223	0.040628593
0.056437	0.00917	0.056443	0.01079	0.000223	0.040628593
0.056443	0.01079	0.055813	0.013193	0.000223	0.040628593
0.055813	0.013193	0.055732	0.014006	0.000223	0.040628593
0.055732	0.014006	0.055647	0.014863	0.000223	0.040628593
0.055647	0.014863	0.055603	0.015307	0.000223	0.040628593
0.055603	0.015307	0.055521	0.016144	0.000223	0.040628593
0.055521	0.016144	0.056653	0.018574	0.000223	0.040628593
0.056653	0.018574	0.056609	0.019166	0.000223	0.040628593
0.056609	0.019166	0.056471	0.021005	0.000223	0.040628593
0.056471	0.021005	0.056416	0.022119	0.000223	0.040628593
0.056416	0.022119	0.057639	0.024984	0.000223	0.040628593
0.057639	0.024984	0.057969	0.025756	0.000223	0.040628593
0.058166	0.025189	0.057969	0.025756	0.000201	0.033007617
0.057969	0.025756	0.057424	0.028229	0.000201	0.033007617
0.057424	0.028229	0.057083	0.029772	0.000201	0.033007617
0.056987	0.029703	0.056562	0.029995	0.00047	0.1804753
0.056562	0.029995	0.055788	0.030527	0.00047	0.1804753
0.055788	0.030527	0.055649	0.030622	0.00047	0.1804753
0.055649	0.030622	0.055443	0.030817	0.00047	0.1804753
0.055443	0.030817	0.054918	0.032072	0.00047	0.1804753
0.054918	0.032072	0.054839	0.032263	0.00047	0.1804753
0.054839	0.032263	0.054559	0.033219	0.00047	0.1804753
0.054559	0.033219	0.054298	0.03411	0.00047	0.1804753
0.054298	0.03411	0.054143	0.03464	0.00047	0.1804753
0.054143	0.03464	0.054096	0.034802	0.00047	0.1804753
0.054096	0.034802	0.053816	0.035445	0.00047	0.1804753
0.053816	0.035445	0.05347	0.036242	0.00047	0.1804753
0.05347	0.036242	0.053427	0.036341	0.00047	0.1804753
0.053427	0.036341	0.052871	0.037619	0.00047	0.1804753
0.052871	0.037619	0.052695	0.038023	0.00047	0.1804753
0.061248	0.030843	0.061292	0.03219	0.000187	0.028569673
0.061292	0.03219	0.061296	0.032225	0.000187	0.028569673
0.061296	0.032225	0.061511	0.033913	0.000187	0.028569673
0.061511	0.033913	0.06179	0.034671	0.000187	0.028569673
0.06179	0.034671	0.062521	0.03532	0.000187	0.028569673
0.062521	0.03532	0.062502	0.036918	0.000187	0.028569673
0.062502	0.036918	0.062646	0.038152	0.000187	0.028569673
0.062646	0.038152	0.062649	0.03817	0.000187	0.028569673
0.062649	0.03817	0.062687	0.038504	0.000187	0.028569673
0.062687	0.038504	0.062777	0.039267	0.000187	0.028569673
0.062777	0.039267	0.063542	0.042089	0.000187	0.028569673
0.063542	0.042089	0.063559	0.042151	0.000187	0.028569673
0.063559	0.042151	0.064018	0.043844	0.000187	0.028569673
0.062649	0.03817	0.063964	0.038837	0.000086	0.006042532
0.063964	0.038837	0.065581	0.040564	0.000086	0.006042532
0.065581	0.040564	0.067064	0.042356	0.000086	0.006042532
0.060619	0.025242	0.060323	0.026183	0.000081	0.005360337
0.060323	0.026183	0.060061	0.027238	0.000081	0.005360337
0.060061	0.027238	0.05994	0.027727	0.000081	0.005360337
0.05994	0.027727	0.059834	0.028062	0.000081	0.005360337
0.059834	0.028062	0.059367	0.029547	0.000081	0.005360337
0.059367	0.029547	0.059381	0.029684	0.000081	0.005360337
0.059381	0.029684	0.058996	0.030462	0.000081	0.005360337
0.058996	0.030462	0.058958	0.030537	0.000081	0.005360337
0.058958	0.030537	0.058743	0.030973	0.000081	0.005360337
0.058996	0.030462	0.061296	0.032225	0.000078	0.004970628
0.061296	0.032225	0.061698	0.032533	0.000078	0.004970628
0.061698	0.032533	0.063224	0.034278	0.000078	0.004970628
0.063224	0.034278	0.064811	0.036603	0.000078	0.004970628
0.064811	0.036603	0.065033	0.036928	0.000078	0.004970628
0.056609	0.019166	0.057114	0.020066	0.000558	0.254384388
0.057114	0.020066	0.059031	0.023479	0.000558	0.254384388
0.059031	0.023479	0.059433	0.025772	0.000558	0.254384388
0.059433	0.025772	0.059834	0.028062	0.000558	0.254384388
0.057639	0.024984	0.058166	0.025189	0.000125	0.012765625
0.058166	0.025189	0.059433	0.025772	0.000125	0.012765625
0.057114	0.020066	0.05777	0.017285	0.000127	0.013177393
0.05777	0.017285	0.057792	0.016996	0.000127	0.013177393
0.057792	0.016996	0.057931	0.015193	0.000127	0.013177393
0.057931	0.015193	0.05795	0.014937	0.000127	0.013177393
0.05795	0.014937	0.058002	0.014261	0.000127	0.013177393
0.058002	0.014261	0.058028	0.013931	0.000127	0.013177393
0.058028	0.013931	0.058044	0.013721	0.000127	0.013177393
0.055647	0.014863	0.05795	0.014937	0.000066	0.003558852
0.057931	0.015193	0.060825	0.015713	0.000117	0.011183913
0.055732	0.014006	0.058002	0.014261	0.000135	0.014889825
0.058028	0.013931	0.06086	0.014087	0.000206	0.034670212
0.050123	0.00189	0.052798	0.004283	0.000097	0.007687153
0.047146	0.003333	0.048734	0.002877	0.000073	0.004353793
0.048734	0.002877	0.050104	0.00189	0.000073	0.004353793
0.050104	0.00189	0.050707	0.000108	0.000073	0.004353793
0.051301	0.000117	0.05323	0.000355	0.000197	0.031706953
0.05323	0.000355	0.055668	0.001999	0.000197	0.031706953
0.055659	0.000099	0.055667	0.001757	0.000105	0.009007425
0.055667	0.001757	0.055668	0.001999	0.000105	0.009007425
0.055668	0.001999	0.05565	0.003032	0.000105	0.009007425
0.05565	0.003032	0.055614	0.005069	0.000105	0.009007425
0.05565	0.003032	0.057047	0.002712	0.000486	0.192972132
0.053814	0.000104	0.055667	0.001757	0.000763	0.475632073
0.042864	0.006855	0.044271	0.007605	0.000075	0.004595625
0.044271	0.007605	0.045685	0.008813	0.000075	0.004595625
0.045685	0.008813	0.0464	0.009423	0.000075	0.004595625
0.045534	0.024021	0.046628	0.025082	0.000215	0.037765825
0.046628	0.025082	0.048463	0.028572	0.000215	0.037765825
0.048463	0.028572	0.048926	0.029452	0.000215	0.037765825
0.048926	0.029452	0.049223	0.030016	0.000215	0.037765825
0.049223	0.030016	0.050721	0.032501	0.000215	0.037765825
0.050721	0.032501	0.050762	0.032793	0.000215	0.037765825
0.050762	0.032793	0.050805	0.033096	0.000215	0.037765825
0.050805	0.033096	0.051196	0.035863	0.000215	0.037765825
0.051196	0.035863	0.052622	0.037855	0.000215	0.037765825
0.052622	0.037855	0.052695	0.038023	0.000215	0.037765825
0.052695	0.038023	0.053023	0.038769	0.000215	0.037765825
0.053023	0.038769	0.053663	0.039627	0.000215	0.037765825
0.053663	0.039627	0.054284	0.041473	0.000215	0.037765825
0.048926	0.029452	0.051068	0.031533	0.00013	0.0138073
0.051068	0.031533	0.051258	0.031764	0.00013	0.0138073
0.051258	0.031764	0.052311	0.033049	0.00013	0.0138073
0.052311	0.033049	0.052381	0.033161	0.00013	0.0138073
0.052381	0.033161	0.052803	0.033832	0.00013	0.0138073
0.052803	0.033832	0.053816	0.035445	0.00013	0.0138073
0.045733	0.03071	0.045744	0.030717	0.000103	0.008667553
0.045744	0.030717	0.046262	0.031005	0.000103	0.008667553
0.046262	0.031005	0.047962	0.031953	0.000103	0.008667553
0.047962	0.031953	0.050052	0.03281	0.000103	0.008667553
0.050052	0.03281	0.050693	0.033053	0.000103	0.008667553
0.050693	0.033053	0.050805	0.033096	0.000103	0.008667553
0.052381	0.033161	0.054298	0.03411	0.000076	0.004718992
0.050762	0.032793	0.051763	0.033205	0.000124	0.012562192
0.051763	0.033205	0.052803	0.033832	0.000124	0.012562192
0.052803	0.033832	0.054143	0.03464	0.000124	0.012562192
0.045487	0.023922	0.047116	0.025148	0.00008	0.0052288
0.047116	0.025148	0.047697	0.025585	0.00008	0.0052288
0.047697	0.025585	0.049067	0.026864	0.00008	0.0052288
0.049067	0.026864	0.04989	0.029002	0.00008	0.0052288
0.04989	0.029002	0.04994	0.029174	0.00008	0.0052288
0.04994	0.029174	0.050255	0.030254	0.00008	0.0052288
0.050255	0.030254	0.051258	0.031764	0.00008	0.0052288
0.048463	0.028572	0.048464	0.028572	0.000075	0.004595625
0.048464	0.028572	0.04994	0.029174	0.000075	0.004595625
0.04994	0.029174	0.051516	0.030107	0.000075	0.004595625
0.058958	0.030537	0.058958	0.030539	0.000119	0.011569537
0.058958	0.030539	0.058966	0.031067	0.000119	0.011569537
0.058966	0.031067	0.05899	0.032659	0.000119	0.011569537
0.05899	0.032659	0.059045	0.036274	0.000119	0.011569537
0.059045	0.036274	0.059054	0.036888	0.000119	0.011569537
0.059054	0.036888	0.059081	0.03865	0.000119	0.011569537
0.059054	0.036888	0.05966	0.037738	0.000091	0.006765577
0.05966	0.037738	0.06243	0.041625	0.000091	0.006765577
0.06243	0.041625	0.062452	0.041656	0.000091	0.006765577
0.062452	0.041656	0.063559	0.042151	0.000091	0.006765577
0.059045	0.036274	0.062436	0.03835	0.00011	0.0098857
0.062436	0.03835	0.062687	0.038504	0.00011	0.0098857
0.052871	0.037619	0.053028	0.03774	0.000133	0.014451913
0.053028	0.03774	0.054023	0.038513	0.000133	0.014451913
0.054023	0.038513	0.055152	0.03939	0.000133	0.014451913
0.055152	0.03939	0.056769	0.040306	0.000133	0.014451913
0.056769	0.040306	0.057817	0.0409	0.000133	0.014451913
0.057817	0.0409	0.057893	0.040943	0.000133	0.014451913
0.057893	0.040943	0.058537	0.042602	0.000133	0.014451913
0.058537	0.042602	0.058626	0.042833	0.000133	0.014451913
0.058626	0.042833	0.058679	0.0429	0.000133	0.014451913
0.058679	0.0429	0.058767	0.043011	0.000133	0.014451913
0.058767	0.043011	0.059329	0.043719	0.000133	0.014451913
0.059329	0.043719	0.060508	0.04508	0.000133	0.014451913
0.060508	0.04508	0.0612	0.046427	0.000133	0.014451913
0.0612	0.046427	0.06191	0.04781	0.000133	0.014451913
0.06191	0.04781	0.062291	0.048551	0.000133	0.014451913
0.062291	0.048551	0.062728	0.049402	0.000133	0.014451913
0.061799	0.043223	0.061913	0.043227	0.000435	0.154596825
0.061913	0.043227	0.063275	0.043626	0.000435	0.154596825
0.063275	0.043626	0.063545	0.043705	0.000435	0.154596825
0.063545	0.043705	0.064018	0.043844	0.000435	0.154596825
0.064018	0.043844	0.064033	0.043848	0.000435	0.154596825
0.064033	0.043848	0.066774	0.045018	0.000435	0.154596825
0.066774	0.045018	0.068829	0.046416	0.000435	0.154596825
0.067349	0.044406	0.068829	0.046416	0.000164	0.021974032
0.068829	0.046416	0.069542	0.048343	0.000164	0.021974032
0.069542	0.048343	0.069876	0.049733	0.000164	0.021974032
0.069876	0.049733	0.06988	0.04975	0.000164	0.021974032
0.070328	0.048481	0.069876	0.049733	0.000058	0.002748388
0.069876	0.049733	0.069734	0.050274	0.000058	0.002748388
0.069734	0.050274	0.069652	0.050591	0.000058	0.002748388
0.069652	0.050591	0.069444	0.051177	0.000058	0.002748388
0.063542	0.042089	0.064686	0.042451	0.000076	0.004718992
0.064686	0.042451	0.067064	0.042356	0.000076	0.004718992
0.067064	0.042356	0.070373	0.0423	0.000076	0.004718992
0.054559	0.033219	0.055238	0.034515	0.000209	0.035687377
0.055238	0.034515	0.055539	0.03509	0.000209	0.035687377
0.055539	0.03509	0.055563	0.035137	0.000209	0.035687377
0.055563	0.035137	0.056892	0.036221	0.000209	0.035687377
0.056892	0.036221	0.057153	0.036434	0.000209	0.035687377
0.055788	0.030527	0.055821	0.030631	0.000069	0.003889737
0.055821	0.030631	0.056365	0.032356	0.000069	0.003889737
0.056365	0.032356	0.056771	0.033896	0.000069	0.003889737
0.054918	0.032072	0.055817	0.033251	0.000106	0.009179812
0.055817	0.033251	0.056712	0.034046	0.000106	0.009179812
0.055539	0.03509	0.056712	0.034046	0.000058	0.002748388
0.056712	0.034046	0.056771	0.033896	0.000058	0.002748388
0.056771	0.033896	0.056776	0.033882	0.000058	0.002748388
0.056776	0.033882	0.057079	0.033353	0.000058	0.002748388
0.057079	0.033353	0.057224	0.033101	0.000058	0.002748388
0.057332	0.0322	0.057224	0.033101	0.000182	0.027062308
0.057224	0.033101	0.056892	0.036221	0.000182	0.027062308
0.056562	0.029995	0.056733	0.031103	0.000241	0.047452177
0.056733	0.031103	0.057079	0.033353	0.000241	0.047452177
0.055821	0.030631	0.056733	0.031103	0.000112	0.010248448
0.056733	0.031103	0.058035	0.031287	0.000112	0.010248448
0.058035	0.031287	0.058896	0.031084	0.000112	0.010248448
0.058896	0.031084	0.058966	0.031067	0.000112	0.010248448
0.056769	0.040306	0.056629	0.043061	0.000369	0.111243537
0.056629	0.043061	0.056607	0.0435	0.000369	0.111243537
0.056607	0.0435	0.056692	0.044769	0.000369	0.111243537
0.056692	0.044769	0.056713	0.04508	0.000369	0.111243537
0.056713	0.04508	0.056857	0.047227	0.000369	0.111243537
0.056857	0.047227	0.056936	0.048397	0.000369	0.111243537
0.056936	0.048397	0.056278	0.051613	0.000369	0.111243537
0.056278	0.051613	0.056287	0.052992	0.000369	0.111243537
0.056629	0.043061	0.058242	0.04477	0.000088	0.006326848
0.058242	0.04477	0.059211	0.045564	0.000088	0.006326848
0.059211	0.045564	0.060234	0.046807	0.000088	0.006326848
0.056857	0.047227	0.058248	0.048788	0.000622	0.316084228
0.058248	0.048788	0.061038	0.05192	0.000622	0.316084228
0.056692	0.044769	0.058286	0.046932	0.00073	0.4353793
0.058286	0.046932	0.059077	0.048005	0.00073	0.4353793
0.059077	0.048005	0.059594	0.048707	0.00073	0.4353793
0.058286	0.046932	0.060234	0.046807	0.000172	0.024170128
0.060234	0.046807	0.0612	0.046427	0.000172	0.024170128
0.059077	0.048005	0.058248	0.048788	0.000888	0.644240448
0.064304	0.052782	0.064345	0.053269	0.000443	0.160335433
0.064345	0.053269	0.064432	0.054299	0.000443	0.160335433
0.064432	0.054299	0.064431	0.054498	0.000443	0.160335433
0.064431	0.054498	0.064427	0.056043	0.000443	0.160335433
0.064427	0.056043	0.064425	0.056514	0.000443	0.160335433
0.064425	0.056514	0.064423	0.057147	0.000443	0.160335433
0.064423	0.057147	0.064423	0.057341	0.000443	0.160335433
0.064423	0.057341	0.065236	0.05883	0.000443	0.160335433
0.065236	0.05883	0.065949	0.060665	0.000443	0.160335433
0.065949	0.060665	0.066005	0.06081	0.000443	0.160335433
0.066005	0.06081	0.066095	0.061041	0.000443	0.160335433
0.066005	0.06081	0.069311	0.062558	0.000168	0.023059008
0.069311	0.062558	0.070234	0.063682	0.000168	0.023059008
0.05678	0.055555	0.05846	0.056672	0.00032	0.0836608
0.05846	0.056672	0.058662	0.056807	0.00032	0.0836608
0.058662	0.056807	0.059229	0.057547	0.00032	0.0836608
0.059229	0.057547	0.060666	0.058561	0.00032	0.0836608
0.060666	0.058561	0.062335	0.059739	0.00032	0.0836608
0.062335	0.059739	0.066045	0.061621	0.00032	0.0836608
0.057027	0.053883	0.057584	0.054915	0.000084	0.005764752
0.057584	0.054915	0.05774	0.055509	0.000084	0.005764752
0.05774	0.055509	0.05846	0.056672	0.000084	0.005764752
0.061038	0.05192	0.061412	0.052896	0.000085	0.005902825
0.061412	0.052896	0.062053	0.054095	0.000085	0.005902825
0.062053	0.054095	0.062545	0.055016	0.000085	0.005902825
0.062545	0.055016	0.063404	0.055875	0.000085	0.005902825
0.063404	0.055875	0.064425	0.056514	0.000085	0.005902825
0.053427	0.036341	0.053427	0.036341	0.00009	0.0066177
0.053427	0.036341	0.05389	0.036687	0.00009	0.0066177
0.05389	0.036687	0.0558	0.038115	0.00009	0.0066177
0.0558	0.038115	0.056975	0.038993	0.00009	0.0066177
0.056975	0.038993	0.057192	0.039155	0.00009	0.0066177
0.057192	0.039155	0.057857	0.0397	0.00009	0.0066177
0.053028	0.03774	0.054214	0.038273	0.000262	0.056082148
0.054214	0.038273	0.055629	0.038909	0.000262	0.056082148
0.055629	0.038909	0.057857	0.0397	0.000262	0.056082148
0.057857	0.0397	0.059105	0.040143	0.000262	0.056082148
0.05966	0.037738	0.059285	0.039363	0.000812	0.538684048
0.059285	0.039363	0.059128	0.040042	0.000812	0.538684048
0.059128	0.040042	0.059105	0.040143	0.000812	0.538684048
0.059105	0.040143	0.058537	0.042602	0.000812	0.538684048
0.059285	0.039363	0.06174	0.041748	0.000427	0.148962793
0.06174	0.041748	0.062335	0.042326	0.000427	0.148962793
0.062335	0.042326	0.063275	0.043626	0.000427	0.148962793
0.055238	0.034515	0.055465	0.035793	0.000085	0.005902825
0.055465	0.035793	0.055556	0.036202	0.000085	0.005902825
0.055556	0.036202	0.055657	0.036656	0.000085	0.005902825
0.055657	0.036656	0.0558	0.038115	0.000085	0.005902825
0.055556	0.036202	0.056218	0.037086	0.000048	0.001882368
0.056218	0.037086	0.056975	0.038993	0.000048	0.001882368
0.057356	0.039539	0.057817	0.0409	0.000067	0.003667513
0.054023	0.038513	0.054067	0.03953	0.000076	0.004718992
0.054067	0.03953	0.054314	0.040562	0.000076	0.004718992
0.054314	0.040562	0.054284	0.041473	0.000076	0.004718992
0.054284	0.041473	0.054579	0.042878	0.000076	0.004718992
0.054579	0.042878	0.054665	0.044135	0.000076	0.004718992
0.050353	0.039434	0.050901	0.040046	0.000051	0.002125017
0.050901	0.040046	0.051486	0.040887	0.000051	0.002125017
0.051486	0.040887	0.052144	0.04149	0.000051	0.002125017
0.052144	0.04149	0.053624	0.043509	0.000051	0.002125017
0.053624	0.043509	0.054665	0.044135	0.000051	0.002125017
0.054665	0.044135	0.055531	0.044514	0.000051	0.002125017
0.055531	0.044514	0.056713	0.04508	0.000051	0.002125017
0.05899	0.032659	0.057925	0.03498	0.000416	0.141386752
0.057925	0.03498	0.057153	0.036434	0.000416	0.141386752
0.057153	0.036434	0.057018	0.036991	0.000416	0.141386752
0.057018	0.036991	0.056993	0.037095	0.000416	0.141386752
0.057018	0.036991	0.057523	0.038054	0.000162	0.021441348
0.057523	0.038054	0.057874	0.039032	0.000162	0.021441348
0.057874	0.039032	0.059128	0.040042	0.000162	0.021441348
0.063545	0.043705	0.063988	0.044162	0.0004	0.13072
0.063988	0.044162	0.064599	0.044791	0.0004	0.13072
0.064599	0.044791	0.06739	0.047666	0.0004	0.13072
0.063988	0.044162	0.067514	0.04662	0.000403	0.132688153
0.064599	0.044791	0.064599	0.044793	0.000075	0.004595625
0.064599	0.044793	0.06501	0.046081	0.000075	0.004595625
0.06501	0.046081	0.066052	0.04779	0.000075	0.004595625
0.066052	0.04779	0.066746	0.048457	0.000075	0.004595625
0.066746	0.048457	0.067153	0.049311	0.000075	0.004595625
0.06174	0.041748	0.060054	0.042191	0.000047	0.001804753
0.060054	0.042191	0.058679	0.0429	0.000047	0.001804753
0.061799	0.043223	0.062064	0.045014	0.000148	0.017895568
0.062064	0.045014	0.06191	0.04781	0.000148	0.017895568
0.06191	0.04781	0.061881	0.04834	0.000148	0.017895568
0.061881	0.04834	0.062	0.049656	0.000148	0.017895568
0.06253	0.044539	0.062888	0.04542	0.000093	0.007066233
0.062888	0.04542	0.063498	0.046924	0.000093	0.007066233
0.063498	0.046924	0.064238	0.048304	0.000093	0.007066233
0.062291	0.048551	0.063997	0.048334	0.000124	0.012562192
0.063997	0.048334	0.064238	0.048304	0.000124	0.012562192
0.064238	0.048304	0.065426	0.048163	0.000124	0.012562192
0.062927	0.050405	0.064124	0.052771	0.000034	0.000944452
0.065814	0.049135	0.067153	0.049311	0.000255	0.053125425
0.067153	0.049311	0.068811	0.050195	0.000255	0.053125425
0.068811	0.050195	0.069268	0.050903	0.000255	0.053125425
0.069268	0.050903	0.069444	0.051177	0.000255	0.053125425
0.069444	0.051177	0.069707	0.051583	0.000255	0.053125425
0.069707	0.051583	0.06988	0.052398	0.000255	0.053125425
0.06988	0.052398	0.069908	0.052525	0.000255	0.053125425
0.069908	0.052525	0.0703	0.053612	0.000255	0.053125425
0.069113	0.049802	0.069734	0.050274	0.000113	0.010432273
0.069734	0.050274	0.069798	0.050323	0.000113	0.010432273
0.069798	0.050323	0.070319	0.051538	0.000113	0.010432273
0.065193	0.049647	0.065696	0.050579	0.000185	0.027961825
0.065696	0.050579	0.066015	0.051346	0.000185	0.027961825
0.066015	0.051346	0.066417	0.051922	0.000185	0.027961825
0.063311	0.05014	0.064038	0.050815	0.000177	0.025595793
0.064038	0.050815	0.06505	0.051754	0.000177	0.025595793
0.06505	0.051754	0.065339	0.052022	0.000177	0.025595793
0.06505	0.051754	0.065163	0.052423	0.000082	0.005493508
0.065163	0.052423	0.065295	0.053202	0.000082	0.005493508
0.065295	0.053202	0.065522	0.054544	0.000082	0.005493508
0.065163	0.052423	0.065881	0.053206	0.000092	0.006915088
0.065881	0.053206	0.066646	0.054041	0.000092	0.006915088
0.066618	0.05299	0.066897	0.053253	0.000135	0.014889825
0.066897	0.053253	0.067313	0.053644	0.000135	0.014889825
0.067313	0.053644	0.068203	0.054482	0.000135	0.014889825
0.068203	0.054482	0.069571	0.05577	0.000135	0.014889825
0.069571	0.05577	0.069614	0.05581	0.000135	0.014889825
0.069614	0.05581	0.070282	0.056439	0.000135	0.014889825
0.066596	0.055626	0.067428	0.056208	0.000086	0.006042532
0.067428	0.056208	0.067719	0.056412	0.000086	0.006042532
0.067719	0.056412	0.069471	0.057178	0.000086	0.006042532
0.069471	0.057178	0.069474	0.057179	0.000086	0.006042532
0.069474	0.057179	0.070278	0.057527	0.000086	0.006042532
0.068631	0.053002	0.068203	0.054482	0.000082	0.005493508
0.068203	0.054482	0.067746	0.056062	0.000082	0.005493508
0.069268	0.050903	0.068829	0.052906	0.000039	0.001242657
0.06988	0.052398	0.068828	0.052906	0.000107	0.009353833
0.068828	0.052906	0.068631	0.053002	0.000107	0.009353833
0.068631	0.053002	0.067313	0.053644	0.000107	0.009353833
0.069614	0.05581	0.069471	0.057178	0.000452	0.166916368
0.069471	0.057178	0.06941	0.057768	0.000452	0.166916368
0.06941	0.057768	0.070241	0.062601	0.000452	0.166916368
0.064423	0.057147	0.065317	0.05704	0.000073	0.004353793
0.065317	0.05704	0.065728	0.056991	0.000073	0.004353793
0.065728	0.056991	0.067428	0.056208	0.000073	0.004353793
0.067428	0.056208	0.067746	0.056062	0.000073	0.004353793
0.067746	0.056062	0.06793	0.055977	0.000073	0.004353793
0.06793	0.055977	0.069571	0.05577	0.000073	0.004353793
0.019158	0.003285	0.021004	0.003796	0.000218	0.038827108
0.021004	0.003796	0.02168	0.004102	0.000218	0.038827108
0.02168	0.004102	0.024384	0.007026	0.000218	0.038827108
0.024384	0.007026	0.025992	0.008086	0.000218	0.038827108
0.025992	0.008086	0.030387	0.00969	0.000218	0.038827108
0.030387	0.00969	0.030798	0.00984	0.000218	0.038827108
0.030798	0.00984	0.033703	0.010167	0.000218	0.038827108
0.033703	0.010167	0.033721	0.010169	0.000218	0.038827108
0.03286	0.003501	0.03334	0.007293	0.000289	0.068236657
0.03334	0.007293	0.033703	0.010167	0.000289	0.068236657
0.033703	0.010167	0.035293	0.013769	0.000289	0.068236657
0.035293	0.013769	0.037905	0.017481	0.000289	0.068236657
0.037905	0.017481	0.03814	0.017816	0.000289	0.068236657
0.03814	0.017816	0.038198	0.017898	0.000289	0.068236657
0.038198	0.017898	0.040446	0.020584	0.000289	0.068236657
0.040446	0.020584	0.040915	0.020985	0.000289	0.068236657
0.040915	0.020985	0.04399	0.023609	0.000289	0.068236657
0.04399	0.023609	0.04502	0.024488	0.000289	0.068236657
0.04502	0.024488	0.046074	0.025387	0.000289	0.068236657
0.046074	0.025387	0.046312	0.02559	0.000289	0.068236657
0.041231	0.015067	0.040446	0.018136	0.000148	0.017895568
0.040446	0.018136	0.040921	0.019945	0.000148	0.017895568
0.040921	0.019945	0.040915	0.020985	0.000148	0.017895568
0.040915	0.020985	0.040901	0.023483	0.000148	0.017895568
0.040901	0.023483	0.040893	0.024779	0.000148	0.017895568
0.040893	0.024779	0.040884	0.02645	0.000148	0.017895568
0.040884	0.02645	0.040888	0.027392	0.000148	0.017895568
0.040888	0.027392	0.040893	0.028441	0.000148	0.017895568
0.038609	0.014408	0.038607	0.014422	0.000169	0.023334337
0.038607	0.014422	0.03814	0.017816	0.000169	0.023334337
0.03814	0.017816	0.037951	0.019186	0.000169	0.023334337
0.037951	0.019186	0.039301	0.023307	0.000169	0.023334337
0.039301	0.023307	0.040144	0.025883	0.000169	0.023334337
0.040144	0.025883	0.040893	0.028441	0.000169	0.023334337
0.040327	0.030486	0.040199	0.030945	0.000354	0.102383172
0.040199	0.030945	0.039758	0.032454	0.000354	0.102383172
0.039758	0.032454	0.0396	0.032994	0.000354	0.102383172
0.0396	0.032994	0.039466	0.033455	0.000354	0.102383172
0.039466	0.033455	0.038646	0.036262	0.000354	0.102383172
0.038646	0.036262	0.038877	0.037289	0.000354	0.102383172
0.038877	0.037289	0.039418	0.039694	0.000354	0.102383172
0.039418	0.039694	0.039653	0.040736	0.000354	0.102383172
0.039653	0.040736	0.039816	0.04146	0.000354	0.102383172
0.039816	0.04146	0.03997	0.042146	0.000354	0.102383172
0.03997	0.042146	0.040088	0.045503	0.000354	0.102383172
0.040088	0.045503	0.040089	0.045526	0.000354	0.102383172
0.040089	0.045526	0.040081	0.046234	0.000354	0.102383172
0.040081	0.046234	0.040071	0.04708	0.000354	0.102383172
0.040071	0.04708	0.040796	0.049449	0.000354	0.102383172
0.040796	0.049449	0.04093	0.049884	0.000354	0.102383172
0.04093	0.049884	0.041345	0.051317	0.000354	0.102383172
0.041345	0.051317	0.041772	0.052786	0.000354	0.102383172
0.041772	0.052786	0.041777	0.052804	0.000354	0.102383172
0.041777	0.052804	0.041801	0.052888	0.000354	0.102383172
0.041801	0.052888	0.04177	0.054028	0.000354	0.102383172
0.04177	0.054028	0.040958	0.058055	0.000354	0.102383172
0.034828	0.017559	0.035248	0.018546	0.000148	0.017895568
0.035248	0.018546	0.035522	0.019944	0.000148	0.017895568
0.035522	0.019944	0.035773	0.020334	0.000148	0.017895568
0.035773	0.020334	0.03703	0.022292	0.000148	0.017895568
0.03703	0.022292	0.037506	0.023517	0.000148	0.017895568
0.037506	0.023517	0.037563	0.023665	0.000148	0.017895568
0.037563	0.023665	0.038236	0.025398	0.000148	0.017895568
0.038236	0.025398	0.038519	0.026156	0.000148	0.017895568
0.038519	0.026156	0.040725	0.029069	0.000148	0.017895568
0.028295	0.006176	0.030012	0.009099	0.000147	0.017654553
0.030012	0.009099	0.030387	0.00969	0.000147	0.017654553
0.030387	0.00969	0.034325	0.015896	0.000147	0.017654553
0.034325	0.015896	0.034919	0.017226	0.000147	0.017654553
0.024316	0.008267	0.025235	0.009316	0.000086	0.006042532
0.025235	0.009316	0.025753	0.009908	0.000086	0.006042532
0.025753	0.009908	0.026564	0.010835	0.000086	0.006042532
0.026564	0.010835	0.027881	0.012323	0.000086	0.006042532
0.027881	0.012323	0.029796	0.014488	0.000086	0.006042532
0.029796	0.014488	0.029926	0.014635	0.000086	0.006042532
0.029926	0.014635	0.031827	0.017961	0.000086	0.006042532
0.031827	0.017961	0.032521	0.019715	0.000086	0.006042532
0.032521	0.019715	0.033641	0.02138	0.000086	0.006042532
0.033641	0.02138	0.035278	0.023815	0.000086	0.006042532
0.035278	0.023815	0.035298	0.023845	0.000086	0.006042532
0.035298	0.023845	0.036833	0.027097	0.000086	0.006042532
0.036833	0.027097	0.037674	0.02918	0.000086	0.006042532
0.037674	0.02918	0.038732	0.030843	0.000086	0.006042532
0.038732	0.030843	0.039758	0.032454	0.000086	0.006042532
0.035279	0.023815	0.036065	0.023468	0.000102	0.008500068
0.036065	0.023468	0.037563	0.023665	0.000102	0.008500068
0.037506	0.023517	0.038239	0.023294	0.000075	0.004595625
0.038239	0.023294	0.039301	0.023307	0.000075	0.004595625
0.039301	0.023307	0.039728	0.023313	0.000075	0.004595625
0.039728	0.023313	0.040901	0.023483	0.000075	0.004595625
0.040901	0.023483	0.041396	0.023555	0.000075	0.004595625
0.041396	0.023555	0.04399	0.023609	0.000075	0.004595625
0.033641	0.02138	0.034201	0.020882	0.000112	0.010248448
0.034201	0.020882	0.034923	0.020517	0.000112	0.010248448
0.034923	0.020517	0.035773	0.020334	0.000112	0.010248448
0.035773	0.020334	0.0359	0.020307	0.000112	0.010248448
0.0359	0.020307	0.036558	0.01932	0.000112	0.010248448
0.036558	0.01932	0.037905	0.017481	0.000112	0.010248448
0.024187	0.016195	0.024963	0.016124	0.000122	0.012160228
0.024963	0.016124	0.026572	0.015976	0.000122	0.012160228
0.026572	0.015976	0.026813	0.015865	0.000122	0.012160228
0.026813	0.015865	0.027477	0.015558	0.000122	0.012160228
0.027477	0.015558	0.029796	0.014488	0.000122	0.012160228
0.023831	0.018964	0.024715	0.022107	0.001105	0.997577425
0.024715	0.022107	0.025476	0.024811	0.001105	0.997577425
0.025476	0.024811	0.027156	0.027827	0.001105	0.997577425
0.027156	0.027827	0.029751	0.032485	0.001105	0.997577425
0.029751	0.032485	0.032511	0.035427	0.001105	0.997577425
0.032511	0.035427	0.032899	0.03581	0.001105	0.997577425
0.032899	0.03581	0.034599	0.037488	0.001105	0.997577425
0.034599	0.037488	0.035197	0.038077	0.001105	0.997577425
0.035197	0.038077	0.035576	0.038606	0.001105	0.997577425
0.035576	0.038606	0.035673	0.038742	0.001105	0.997577425
0.035673	0.038742	0.037042	0.040653	0.001105	0.997577425
0.037042	0.040653	0.040088	0.045503	0.001105	0.997577425
0.040088	0.045503	0.041977	0.04851	0.001105	0.997577425
0.041977	0.04851	0.042195	0.048858	0.001105	0.997577425
0.04528	0.044778	0.045372	0.044866	0.001571	2.016389497
0.045372	0.044866	0.046256	0.04572	0.001571	2.016389497
0.046256	0.04572	0.046788	0.046232	0.001571	2.016389497
0.055877	0.061783	0.05589	0.061804	0.000372	0.113059728
0.040327	0.030486	0.041399	0.033048	0.000263	0.056511073
0.041399	0.033048	0.042639	0.036014	0.000263	0.056511073
0.042639	0.036014	0.042752	0.036286	0.000263	0.056511073
0.042752	0.036286	0.043362	0.037196	0.000263	0.056511073
0.043362	0.037196	0.045518	0.040414	0.000263	0.056511073
0.045518	0.040414	0.046331	0.041627	0.000263	0.056511073
0.044476	0.034797	0.044987	0.035528	0.00012	0.0117648
0.044987	0.035528	0.045203	0.035827	0.00012	0.0117648
0.045203	0.035827	0.047229	0.038643	0.00012	0.0117648
0.047229	0.038643	0.04849	0.040416	0.00012	0.0117648
0.04849	0.040416	0.050135	0.045075	0.00012	0.0117648
0.04136	0.032998	0.041399	0.033048	0.000212	0.036719248
0.041399	0.033048	0.043684	0.036049	0.000212	0.036719248
0.043684	0.036049	0.045292	0.037967	0.000212	0.036719248
0.045292	0.037967	0.046325	0.03952	0.000212	0.036719248
0.046325	0.03952	0.047365	0.041085	0.000212	0.036719248
0.046256	0.04572	0.047412	0.049881	0.000251	0.051471817
0.047412	0.049881	0.050372	0.053682	0.000251	0.051471817
0.050372	0.053682	0.052481	0.055104	0.000251	0.051471817
0.054456	0.056024	0.055779	0.060857	0.000372	0.113059728
0.055779	0.060857	0.055827	0.061031	0.000372	0.113059728
0.055827	0.061031	0.055877	0.061783	0.000372	0.113059728
0.055877	0.061783	0.05621	0.063973	0.000372	0.113059728
0.05621	0.063973	0.056254	0.064096	0.000372	0.113059728
0.056254	0.064096	0.05684	0.065757	0.000372	0.113059728
0.05684	0.065757	0.056868	0.065836	0.000372	0.113059728
0.056868	0.065836	0.056997	0.067954	0.000372	0.113059728
0.056997	0.067954	0.057005	0.068084	0.000372	0.113059728
0.057005	0.068084	0.057015	0.068397	0.000372	0.113059728
0.055708	0.054653	0.056082	0.056453	0.000123	0.012360393
0.056082	0.056453	0.056382	0.057342	0.000123	0.012360393
0.056382	0.057342	0.056393	0.057376	0.000123	0.012360393
0.056393	0.057376	0.05653	0.059432	0.000123	0.012360393
0.05653	0.059432	0.057005	0.06167	0.000123	0.012360393
0.057005	0.06167	0.057057	0.062209	0.000123	0.012360393
0.057057	0.062209	0.05717	0.063379	0.000123	0.012360393
0.05717	0.063379	0.057184	0.063466	0.000123	0.012360393
0.057184	0.063466	0.05734	0.064419	0.000123	0.012360393
0.05734	0.064419	0.057535	0.065608	0.000123	0.012360393
0.057535	0.065608	0.057524	0.06622	0.000123	0.012360393
0.057524	0.06622	0.057499	0.067618	0.000123	0.012360393
0.053844	0.063726	0.05684	0.065757	0.000087	0.006183873
0.05684	0.065757	0.057524	0.06622	0.000087	0.006183873
0.054302	0.059294	0.055779	0.060857	0.000102	0.008500068
0.055779	0.060857	0.057057	0.062209	0.000102	0.008500068
0.057057	0.062209	0.057764	0.062885	0.000102	0.008500068
0.057764	0.062885	0.058454	0.063998	0.000102	0.008500068
0.058454	0.063998	0.058705	0.064402	0.000102	0.008500068
0.058705	0.064402	0.060998	0.066659	0.000102	0.008500068
0.060998	0.066659	0.063839	0.069674	0.000102	0.008500068
0.063839	0.069674	0.065475	0.070651	0.000102	0.008500068
0.06552	0.068367	0.067941	0.069765	0.000365	0.108844825
0.066178	0.066777	0.069659	0.069582	0.000346	0.097807972
0.066553	0.066028	0.068581	0.067746	0.000229	0.042844297
0.065173	0.068723	0.066388	0.070642	0.000419	0.143433337
0.067996	0.066184	0.068855	0.06738	0.000125	0.012765625
0.068855	0.06738	0.070189	0.069454	0.000125	0.012765625
0.065849	0.062986	0.067037	0.063287	0.000169	0.023334337
0.067037	0.063287	0.069019	0.06421	0.000169	0.023334337
0.069019	0.06421	0.070225	0.06516	0.000169	0.023334337
0.05734	0.064419	0.058074	0.065325	0.000099	0.008007417
0.058074	0.065325	0.058769	0.066538	0.000099	0.008007417
0.058769	0.066538	0.059079	0.067079	0.000099	0.008007417
0.059079	0.067079	0.059774	0.068623	0.000099	0.008007417
0.059774	0.068623	0.060157	0.069299	0.000099	0.008007417
0.060157	0.069299	0.062478	0.070642	0.000099	0.008007417
0.054612	0.06537	0.055598	0.06653	0.000098	0.007846468
0.055598	0.06653	0.056018	0.067024	0.000098	0.007846468
0.056018	0.067024	0.056733	0.067903	0.000098	0.007846468
0.05225	0.064708	0.052408	0.064807	0.000079	0.005098897
0.052408	0.064807	0.052975	0.065162	0.000079	0.005098897
0.052975	0.065162	0.053227	0.06532	0.000079	0.005098897
0.053227	0.06532	0.054251	0.06596	0.000079	0.005098897
0.054251	0.06596	0.055598	0.06653	0.000079	0.005098897
0.054927	0.067303	0.056653	0.067887	0.000074	0.004473892
0.056653	0.067887	0.056733	0.067903	0.000074	0.004473892
0.056733	0.067903	0.056997	0.067954	0.000074	0.004473892
0.056997	0.067954	0.058928	0.068326	0.000074	0.004473892
0.036608	0.050656	0.038929	0.051077	0.000143	0.016706833
0.038929	0.051077	0.039243	0.051109	0.000143	0.016706833
0.039243	0.051109	0.040336	0.051223	0.000143	0.016706833
0.040336	0.051223	0.041345	0.051317	0.000143	0.016706833
0.041345	0.051317	0.041907	0.051369	0.000143	0.016706833
0.041907	0.051369	0.042657	0.051332	0.000143	0.016706833
0.041633	0.049743	0.041817	0.050028	0.000193	0.030432433
0.041817	0.050028	0.042108	0.05048	0.000193	0.030432433
0.042108	0.05048	0.042657	0.051332	0.000193	0.030432433
0.042657	0.051332	0.045821	0.056035	0.000193	0.030432433
0.045821	0.056035	0.045927	0.056193	0.000193	0.030432433
0.045927	0.056193	0.047408	0.058422	0.000193	0.030432433
0.047408	0.058422	0.047452	0.058521	0.000193	0.030432433
0.047452	0.058521	0.047782	0.059255	0.000193	0.030432433
0.047782	0.059255	0.048413	0.060654	0.000193	0.030432433
0.048413	0.060654	0.048486	0.060816	0.000193	0.030432433
0.048486	0.060816	0.049044	0.062595	0.000193	0.030432433
0.049044	0.062595	0.049322	0.063186	0.000193	0.030432433
0.049322	0.063186	0.050061	0.064754	0.000193	0.030432433
0.041777	0.052804	0.042195	0.053138	0.00006	0.0029412
0.042195	0.053138	0.045821	0.056035	0.00006	0.0029412
0.042195	0.053138	0.043031	0.056367	0.000052	0.002209168
0.043031	0.056367	0.044274	0.058285	0.000052	0.002209168
0.044274	0.058285	0.044337	0.05889	0.000052	0.002209168
0.044337	0.05889	0.044357	0.059085	0.000052	0.002209168
0.044357	0.059085	0.044713	0.060073	0.000052	0.002209168
0.032049	0.051433	0.035064	0.054028	0.00007	0.0040033
0.035064	0.054028	0.040958	0.058055	0.00007	0.0040033
0.040958	0.058055	0.041643	0.058523	0.00007	0.0040033
0.041643	0.058523	0.043489	0.060438	0.00007	0.0040033
0.043489	0.060438	0.045645	0.063088	0.00007	0.0040033
0.045645	0.063088	0.047089	0.06508	0.00007	0.0040033
0.009921	0.000343	0.010167	0.001014	0.001315	1.412776825
0.010167	0.001014	0.011158	0.003729	0.001315	1.412776825
0.011158	0.003729	0.011466	0.004572	0.001315	1.412776825
0.011466	0.004572	0.011742	0.005328	0.001315	1.412776825
0.011742	0.005328	0.012346	0.006981	0.001315	1.412776825
0.012346	0.006981	0.012498	0.007396	0.001315	1.412776825
0.012498	0.007396	0.014284	0.012514	0.001315	1.412776825
0.014284	0.012514	0.014398	0.012841	0.001315	1.412776825
0.014398	0.012841	0.015216	0.01588	0.001315	1.412776825
0.015216	0.01588	0.015878	0.018341	0.001315	1.412776825
0.014508	0.021175	0.014695	0.021625	0.000972	0.771888528
0.014695	0.021625	0.015695	0.024042	0.000972	0.771888528
0.015695	0.024042	0.017888	0.029451	0.000972	0.771888528
0.012644	0.000343	0.012816	0.000593	0.000201	0.033007617
0.012816	0.000593	0.014852	0.003554	0.000201	0.033007617
0.014852	0.003554	0.014984	0.003745	0.000201	0.033007617
0.014984	0.003745	0.01555	0.004569	0.000201	0.033007617
0.012816	0.000593	0.012662	0.002371	0.000303	0.075007953
0.012662	0.002371	0.012717	0.003248	0.000303	0.075007953
0.012717	0.003248	0.012991	0.004031	0.000303	0.075007953
0.012991	0.004031	0.013094	0.004325	0.000303	0.075007953
0.013094	0.004325	0.013832	0.006427	0.000303	0.075007953
0.013832	0.006427	0.013994	0.008615	0.000303	0.075007953
0.013994	0.008615	0.014165	0.010911	0.000303	0.075007953
0.014165	0.010911	0.014284	0.012514	0.000303	0.075007953
0.011466	0.004572	0.013094	0.004325	0.000103	0.008667553
0.013094	0.004325	0.01555	0.004569	0.000103	0.008667553
0.020876	0.00027	0.022666	0.002079	0.000129	0.013595697
0.022575	0.000288	0.024037	0.001476	0.000458	0.171377188
0.023187	0.009607	0.023325	0.010059	0.000384	0.120471552
0.023325	0.010059	0.023352	0.010146	0.000384	0.120471552
0.023352	0.010146	0.024007	0.012285	0.000384	0.120471552
0.024007	0.012285	0.024243	0.013055	0.000384	0.120471552
0.024243	0.013055	0.024631	0.014321	0.000384	0.120471552
0.024631	0.014321	0.02474	0.014913	0.000384	0.120471552
0.02474	0.014913	0.024963	0.016124	0.000384	0.120471552
0.024963	0.016124	0.025142	0.017099	0.000384	0.120471552
0.025142	0.017099	0.024956	0.018779	0.000384	0.120471552
0.024956	0.018779	0.024631	0.021722	0.000384	0.120471552
0.024956	0.018779	0.027244	0.02163	0.000366	0.109442052
0.027244	0.02163	0.031834	0.025888	0.000366	0.109442052
0.031834	0.025888	0.032406	0.026418	0.000366	0.109442052
0.032406	0.026418	0.034123	0.028099	0.000366	0.109442052
0.034123	0.028099	0.034485	0.028759	0.000366	0.109442052
0.034485	0.028759	0.034854	0.029433	0.000366	0.109442052
0.034854	0.029433	0.035822	0.030566	0.000366	0.109442052
0.035822	0.030566	0.036584	0.031458	0.000366	0.109442052
0.036584	0.031458	0.037725	0.032794	0.000366	0.109442052
0.037725	0.032794	0.037741	0.032813	0.000366	0.109442052
0.034485	0.028759	0.033959	0.03232	0.000109	0.009706777
0.033959	0.03232	0.033932	0.032704	0.000109	0.009706777
0.033932	0.032704	0.033796	0.034622	0.000109	0.009706777
0.032899	0.03581	0.033796	0.034622	0.000091	0.006765577
0.033796	0.034622	0.035038	0.032566	0.000091	0.006765577
0.035038	0.032566	0.03511	0.032448	0.000091	0.006765577
0.03511	0.032448	0.035822	0.030566	0.000091	0.006765577
0.033932	0.032704	0.035038	0.032566	0.000096	0.007529472
0.035038	0.032566	0.035695	0.032484	0.000096	0.007529472
0.035695	0.032484	0.037148	0.032706	0.000096	0.007529472
0.037148	0.032706	0.037725	0.032794	0.000096	0.007529472
0.037725	0.032794	0.038656	0.033147	0.000096	0.007529472
0.038656	0.033147	0.039267	0.033379	0.000096	0.007529472
0.039267	0.033379	0.039466	0.033455	0.000096	0.007529472
0.0396	0.032994	0.040729	0.034549	0.000458	0.171377188
0.040729	0.034549	0.042639	0.036014	0.000458	0.171377188
0.036584	0.031458	0.037476	0.031306	0.000077	0.004843993
0.037476	0.031306	0.03776	0.031287	0.000077	0.004843993
0.03776	0.031287	0.038043	0.031269	0.000077	0.004843993
0.038043	0.031269	0.038732	0.030843	0.000077	0.004843993
0.03776	0.031287	0.039267	0.033379	0.000172	0.024170128
0.037148	0.032706	0.038063	0.03448	0.000056	0.002562112
0.038226	0.034248	0.038381	0.03591	0.00004	0.0013072
0.038381	0.03591	0.038877	0.037289	0.00004	0.0013072
0.035576	0.038606	0.036077	0.038178	0.000158	0.020395588
0.036077	0.038178	0.036563	0.037765	0.000158	0.020395588
0.036563	0.037765	0.038063	0.03448	0.000158	0.020395588
0.038063	0.03448	0.038226	0.034248	0.000158	0.020395588
0.038226	0.034248	0.038656	0.033147	0.000158	0.020395588
0.035673	0.038742	0.035674	0.038743	0.000144	0.016941312
0.035674	0.038743	0.037191	0.039656	0.000144	0.016941312
0.037191	0.039656	0.039816	0.04146	0.000144	0.016941312
0.039816	0.04146	0.040462	0.041904	0.000144	0.016941312
0.040462	0.041904	0.040821	0.042096	0.000144	0.016941312
0.040821	0.042096	0.04195	0.042702	0.000144	0.016941312
0.04195	0.042702	0.04196	0.042708	0.000144	0.016941312
0.04196	0.042708	0.043102	0.04331	0.000144	0.016941312
0.043102	0.04331	0.043358	0.043445	0.000144	0.016941312
0.024715	0.022107	0.024744	0.022336	0.000741	0.448599177
0.024744	0.022336	0.025003	0.024416	0.000741	0.448599177
0.025003	0.024416	0.025213	0.026107	0.000741	0.448599177
0.025213	0.026107	0.026134	0.029476	0.000741	0.448599177
0.026134	0.029476	0.026182	0.029652	0.000741	0.448599177
0.026182	0.029652	0.028429	0.035024	0.000741	0.448599177
0.028429	0.035024	0.031077	0.036197	0.000741	0.448599177
0.031077	0.036197	0.032049	0.036627	0.000741	0.448599177
0.032049	0.036627	0.033299	0.03718	0.000741	0.448599177
0.033299	0.03718	0.034599	0.037488	0.000741	0.448599177
0.026134	0.029476	0.028219	0.032603	0.000194	0.030748612
0.028219	0.032603	0.030065	0.034851	0.000194	0.030748612
0.030065	0.034851	0.032049	0.036627	0.000194	0.030748612
0.031077	0.036197	0.032815	0.037737	0.00029	0.0687097
0.032815	0.037737	0.032888	0.037802	0.00029	0.0687097
0.032888	0.037802	0.036597	0.041566	0.00029	0.0687097
0.036597	0.041566	0.038936	0.044855	0.00029	0.0687097
0.038936	0.044855	0.040081	0.046234	0.00029	0.0687097
0.036077	0.038178	0.037193	0.038483	0.000081	0.005360337
0.037193	0.038483	0.037858	0.038665	0.000081	0.005360337
0.037858	0.038665	0.038465	0.038934	0.000081	0.005360337
0.038465	0.038934	0.039418	0.039694	0.000081	0.005360337
0.006548	0.000379	0.006585	0.000505	0.000115	0.010804825
0.006585	0.000505	0.00669	0.000857	0.000115	0.010804825
0.00669	0.000857	0.007361	0.003116	0.000115	0.010804825
0.007361	0.003116	0.007379	0.003175	0.000115	0.010804825
0.007379	0.003175	0.007781	0.004413	0.000115	0.010804825
0.007781	0.004413	0.008054	0.005025	0.000115	0.010804825
0.008054	0.005025	0.008311	0.005601	0.000115	0.010804825
0.008311	0.005601	0.008576	0.0074	0.000115	0.010804825
0.008054	0.005025	0.008055	0.005025	0.000068	0.003777808
0.008055	0.005025	0.008832	0.005317	0.000068	0.003777808
0.008832	0.005317	0.011742	0.005328	0.000068	0.003777808
0.007361	0.003116	0.009215	0.003527	0.000133	0.014451913
0.009215	0.003527	0.011158	0.003729	0.000133	0.014451913
0.006585	0.000505	0.006862	0.000544	0.000085	0.005902825
0.006862	0.000544	0.010166	0.001014	0.000085	0.005902825
0.010166	0.001014	0.010167	0.001014	0.000085	0.005902825
0.004812	0.000393	0.005931	0.002234	0.000159	0.020654577
0.005931	0.002234	0.005945	0.002257	0.000159	0.020654577
0.005945	0.002257	0.007397	0.005189	0.000159	0.020654577
0.007397	0.005189	0.00825	0.007447	0.000159	0.020654577
0.00825	0.007447	0.008384	0.007802	0.000159	0.020654577
0.008384	0.007802	0.008777	0.009858	0.000159	0.020654577
0.008777	0.009858	0.008823	0.011548	0.000159	0.020654577
0.008823	0.011548	0.009764	0.013449	0.000159	0.020654577
0.009764	0.013449	0.010074	0.014929	0.000159	0.020654577
0.001998	0.002266	0.002712	0.003077	0.000056	0.002562112
0.002712	0.003077	0.003149	0.003572	0.000056	0.002562112
0.003149	0.003572	0.004218	0.004943	0.000056	0.002562112
0.004218	0.004943	0.005214	0.007291	0.000056	0.002562112
0.005214	0.007291	0.005216	0.007296	0.000056	0.002562112
0.005216	0.007296	0.005616	0.008095	0.000056	0.002562112
0.005616	0.008095	0.006913	0.010662	0.000056	0.002562112
0.006913	0.010662	0.007982	0.013531	0.000056	0.002562112
0.000201	0.014362	0.00074	0.014088	0.000192	0.030117888
0.00074	0.014088	0.001353	0.013751	0.000192	0.030117888
0.001353	0.013751	0.001554	0.013641	0.000192	0.030117888
0.001554	0.013641	0.003332	0.013129	0.000192	0.030117888
0.003332	0.013129	0.004359	0.013238	0.000192	0.030117888
0.004359	0.013238	0.004663	0.01327	0.000192	0.030117888
0.004663	0.01327	0.006173	0.01343	0.000192	0.030117888
0.006173	0.01343	0.007379	0.013376	0.000192	0.030117888
0.007379	0.013376	0.007627	0.013439	0.000192	0.030117888
0.007627	0.013439	0.007982	0.013531	0.000192	0.030117888
0.007982	0.013531	0.010074	0.014929	0.000192	0.030117888
0.010074	0.014929	0.011582	0.015694	0.000192	0.030117888
0.011582	0.015694	0.011892	0.015852	0.000192	0.030117888
0.011892	0.015852	0.013034	0.016765	0.000192	0.030117888
0.012346	0.006981	0.012216	0.009009	0.000363	0.107655273
0.012216	0.009009	0.011929	0.013503	0.000363	0.107655273
0.011929	0.013503	0.012148	0.014563	0.000363	0.107655273
0.012148	0.014563	0.012027	0.015172	0.000363	0.107655273
0.012027	0.015172	0.011892	0.015852	0.000363	0.107655273
0.012216	0.009009	0.012925	0.010854	0.00015	0.0183825
0.012925	0.010854	0.013354	0.013321	0.00015	0.0183825
0.013354	0.013321	0.01329	0.014728	0.00015	0.0183825
0.01329	0.014728	0.013227	0.015229	0.00015	0.0183825
0.013227	0.015229	0.013034	0.016765	0.00015	0.0183825
0.007627	0.013439	0.007582	0.015436	0.000566	0.261730852
0.007582	0.015436	0.007735	0.016051	0.000566	0.261730852
0.007735	0.016051	0.007905	0.016737	0.000566	0.261730852
0.007905	0.016737	0.008116	0.017587	0.000566	0.261730852
0.008116	0.017587	0.008176	0.01783	0.000566	0.261730852
0.008176	0.01783	0.008645	0.02058	0.000566	0.261730852
0.008645	0.02058	0.008775	0.02134	0.000566	0.261730852
0.008775	0.02134	0.008779	0.021365	0.000566	0.261730852
0.008779	0.021365	0.009146	0.023094	0.000566	0.261730852
0.009146	0.023094	0.009419	0.02438	0.000566	0.261730852
0.009419	0.02438	0.00962	0.025807	0.000566	0.261730852
0.00962	0.025807	0.009638	0.025933	0.000566	0.261730852
0.009638	0.025933	0.009474	0.026765	0.000566	0.261730852
0.000063	0.015637	0.000568	0.016452	0.000332	0.090053008
0.000568	0.016452	0.001699	0.018277	0.000332	0.090053008
0.001699	0.018277	0.003453	0.02092	0.000332	0.090053008
0.004079	0.02187	0.005185	0.022193	0.00041	0.1373377
0.009146	0.023094	0.010314	0.023585	0.000109	0.009706777
0.010314	0.023585	0.011499	0.023908	0.000109	0.009706777
0.011499	0.023908	0.0117	0.023962	0.000109	0.009706777
0.005839	0.022383	0.006532	0.023247	0.000129	0.013595697
0.006532	0.023247	0.008304	0.024974	0.000129	0.013595697
0.006951	0.024521	0.007372	0.024691	0.000094	0.007219012
0.007372	0.024691	0.008304	0.024974	0.000094	0.007219012
0.008304	0.024974	0.009117	0.025568	0.000094	0.007219012
0.009117	0.025568	0.00962	0.025807	0.000094	0.007219012
0.006029	0.024554	0.007199	0.025221	0.000088	0.006326848
0.007199	0.025221	0.008441	0.02618	0.000088	0.006326848
0.008441	0.02618	0.009474	0.026765	0.000088	0.006326848
0.009474	0.026765	0.012054	0.028247	0.000088	0.006326848
0.012054	0.028247	0.012114	0.028281	0.000088	0.006326848
0.012114	0.028281	0.012781	0.028473	0.000088	0.006326848
0.012781	0.028473	0.014407	0.029296	0.000088	0.006326848
0.009117	0.020342	0.010181	0.021844	0.000294	0.070618212
0.010181	0.021844	0.010268	0.021968	0.000294	0.070618212
0.010268	0.021968	0.010835	0.022526	0.000294	0.070618212
0.010835	0.022526	0.011587	0.023775	0.000294	0.070618212
0.011587	0.023775	0.0117	0.023962	0.000294	0.070618212
0.0117	0.023962	0.01194	0.024362	0.000294	0.070618212
0.01194	0.024362	0.012589	0.026016	0.000294	0.070618212
0.000054	0.016249	0.000568	0.016452	0.000071	0.004118497
0.000568	0.016452	0.001096	0.01666	0.000071	0.004118497
0.001096	0.01666	0.002713	0.017181	0.000071	0.004118497
0.002713	0.017181	0.004421	0.018049	0.000071	0.004118497
0.004421	0.018049	0.00697	0.0192	0.000071	0.004118497
0.00697	0.0192	0.008645	0.02058	0.000071	0.004118497
0.008645	0.02058	0.010181	0.021844	0.000071	0.004118497
0.011587	0.023775	0.012452	0.024179	0.000064	0.003346432
0.012452	0.024179	0.013905	0.025091	0.000064	0.003346432
0.013905	0.025091	0.013923	0.025102	0.000064	0.003346432
0.013923	0.025102	0.014827	0.025531	0.000064	0.003346432
0.014827	0.025531	0.015385	0.025988	0.000064	0.003346432
0.000036	0.019255	0.001498	0.021311	0.000059	0.002843977
0.001498	0.021311	0.003635	0.024316	0.000059	0.002843977
0.003635	0.024316	0.004724	0.025963	0.000059	0.002843977
0.004724	0.025963	0.006405	0.029654	0.000059	0.002843977
0.006405	0.029654	0.007209	0.031061	0.000059	0.002843977
0.000054	0.020872	0.000694	0.020908	0.000095	0.007373425
0.000694	0.020908	0.001498	0.021311	0.000095	0.007373425
0.001498	0.021311	0.002101	0.021612	0.000095	0.007373425
0.002101	0.021612	0.003727	0.022644	0.000095	0.007373425
0.009373	0.027231	0.010424	0.029478	0.000223	0.040628593
0.010424	0.029478	0.011082	0.031817	0.000223	0.040628593
0.011082	0.031817	0.011328	0.033836	0.000223	0.040628593
0.011328	0.033836	0.011082	0.035298	0.000223	0.040628593
0.011082	0.035298	0.010798	0.038359	0.000223	0.040628593
0.010798	0.038359	0.010875	0.04004	0.000223	0.040628593
0.010875	0.04004	0.010963	0.041959	0.000223	0.040628593
0.010963	0.041959	0.010629	0.044203	0.000223	0.040628593
0.010629	0.044203	0.010561	0.044663	0.000223	0.040628593
0.010561	0.044663	0.010305	0.04673	0.000223	0.040628593
0.010305	0.04673	0.010294	0.046818	0.000223	0.040628593
0.010294	0.046818	0.010291	0.046837	0.000223	0.040628593
0.00954	0.043791	0.010167	0.044029	0.000401	0.131374417
0.010167	0.044029	0.010629	0.044203	0.000401	0.131374417
0.010629	0.044203	0.010853	0.044288	0.000401	0.131374417
0.010853	0.044288	0.012146	0.044788	0.000401	0.131374417
0.012146	0.044788	0.013818	0.045435	0.000401	0.131374417
0.013818	0.045435	0.013878	0.045466	0.000401	0.131374417
0.013878	0.045466	0.017043	0.047093	0.000401	0.131374417
0.017043	0.047093	0.017975	0.047577	0.000401	0.131374417
0.012054	0.028247	0.012749	0.030602	0.000221	0.039903097
0.012749	0.030602	0.013005	0.0338	0.000221	0.039903097
0.013005	0.0338	0.013096	0.036778	0.000221	0.039903097
0.013096	0.036778	0.012493	0.039665	0.000221	0.039903097
0.012493	0.039665	0.012841	0.041721	0.000221	0.039903097
0.012841	0.041721	0.012913	0.04215	0.000221	0.039903097
0.012913	0.04215	0.013878	0.045466	0.000221	0.039903097
0.013878	0.045466	0.01412	0.046298	0.000221	0.039903097
0.01412	0.046298	0.014982	0.047808	0.000221	0.039903097
0.014982	0.047808	0.015642	0.048964	0.000221	0.039903097
0.015642	0.048964	0.016769	0.050939	0.000221	0.039903097
0.012841	0.041721	0.01422	0.042415	0.000048	0.001882368
0.01422	0.042415	0.015663	0.043137	0.000048	0.001882368
0.015663	0.043137	0.017619	0.044462	0.000048	0.001882368
0.017619	0.044462	0.018487	0.04522	0.000048	0.001882368
0.023101	0.049878	0.023137	0.049907	0.000556	0.252564112
0.023101	0.049878	0.025191	0.052024	0.000202	0.033336868
0.016495	0.047468	0.018697	0.049085	0.000255	0.053125425
0.018697	0.049085	0.019139	0.04939	0.000255	0.053125425
0.010294	0.046818	0.010264	0.047806	0.00009	0.0066177
0.010264	0.047806	0.010483	0.049788	0.00009	0.0066177
0.010483	0.049788	0.01049	0.049824	0.00009	0.0066177
0.01049	0.049824	0.010503	0.049884	0.00009	0.0066177
0.010503	0.049884	0.010528	0.050009	0.00009	0.0066177
0.010528	0.050009	0.010812	0.051396	0.00009	0.0066177
0.010812	0.051396	0.010958	0.05241	0.00009	0.0066177
0.010958	0.05241	0.011086	0.053891	0.00009	0.0066177
0.011086	0.053891	0.011241	0.054987	0.00009	0.0066177
0.008702	0.046645	0.009812	0.050113	0.000115	0.010804825
0.009967	0.050072	0.009969	0.050082	0.000142	0.016473988
0.009969	0.050082	0.010204	0.051232	0.000142	0.016473988
0.010204	0.051232	0.010287	0.052027	0.000142	0.016473988
0.010287	0.052027	0.010616	0.053068	0.000142	0.016473988
0.010616	0.053068	0.011027	0.054402	0.000142	0.016473988
0.011027	0.054402	0.011241	0.054987	0.000142	0.016473988
0.011241	0.054987	0.011451	0.056232	0.000142	0.016473988
0.011451	0.056232	0.011488	0.056449	0.000142	0.016473988
0.011488	0.056449	0.011657	0.05733	0.000142	0.016473988
0.011657	0.05733	0.012429	0.060309	0.000142	0.016473988
0.012429	0.060309	0.013671	0.063897	0.000142	0.016473988
0.013671	0.063897	0.013763	0.064164	0.000142	0.016473988
0.013763	0.064164	0.014042	0.064547	0.000142	0.016473988
0.014042	0.064547	0.014202	0.064767	0.000142	0.016473988
0.014202	0.064767	0.014658	0.065169	0.000142	0.016473988
0.014658	0.065169	0.01559	0.066796	0.000142	0.016473988
0.01559	0.066796	0.015726	0.06709	0.000142	0.016473988
0.015726	0.06709	0.017345	0.070596	0.000142	0.016473988
0.000598	0.047545	0.000598	0.047591	0.000739	0.446180857
0.000598	0.047591	0.000625	0.049437	0.000739	0.446180857
0.000625	0.049437	0.001383	0.052653	0.000739	0.446180857
0.001383	0.052653	0.001749	0.055412	0.000739	0.446180857
0.001749	0.055412	0.001759	0.055641	0.000739	0.446180857
0.001759	0.055641	0.00184	0.057513	0.000739	0.446180857
0.00184	0.057513	0.001889	0.057749	0.000739	0.446180857
0.001889	0.057749	0.002388	0.060163	0.000739	0.446180857
0.002388	0.060163	0.0029	0.061222	0.000739	0.446180857
0.0029	0.061222	0.003256	0.06241	0.000739	0.446180857
0.003256	0.06241	0.003785	0.063763	0.000739	0.446180857
0.003785	0.063763	0.004252	0.064959	0.000739	0.446180857
0.004252	0.064959	0.004378	0.06549	0.000739	0.446180857
0.004378	0.06549	0.004755	0.067079	0.000739	0.446180857
0.004755	0.067079	0.004755	0.068686	0.000739	0.446180857
0.004755	0.068686	0.004755	0.070605	0.000739	0.446180857
0.000598	0.047591	0.001493	0.049519	0.000297	0.072066753
0.001493	0.049519	0.001719	0.050129	0.000297	0.072066753
0.001719	0.050129	0.002781	0.053	0.000297	0.072066753
0.002781	0.053	0.003011	0.053725	0.000297	0.072066753
0.003011	0.053725	0.003485	0.05522	0.000297	0.072066753
0.003485	0.05522	0.004153	0.057338	0.000297	0.072066753
0.004153	0.057338	0.004188	0.057449	0.000297	0.072066753
0.004188	0.057449	0.004573	0.058284	0.000297	0.072066753
0.004573	0.058284	0.004994	0.059197	0.000297	0.072066753
0.004994	0.059197	0.005001	0.059212	0.000297	0.072066753
0.001759	0.055641	0.003619	0.057435	0.000081	0.005360337
0.003619	0.057435	0.004316	0.058107	0.000081	0.005360337
0.004316	0.058107	0.004573	0.058284	0.000081	0.005360337
0.004573	0.058284	0.006701	0.059752	0.000081	0.005360337
0.006701	0.059752	0.010364	0.062227	0.000081	0.005360337
0.010364	0.062227	0.012587	0.06363	0.000081	0.005360337
0.012587	0.06363	0.014042	0.064547	0.000081	0.005360337
0.014042	0.064547	0.015216	0.065288	0.000081	0.005360337
0.015216	0.065288	0.016312	0.066101	0.000081	0.005360337
0.016312	0.066101	0.017683	0.06802	0.000081	0.005360337
0.017683	0.06802	0.01898	0.069052	0.000081	0.005360337
0.01898	0.069052	0.020031	0.070624	0.000081	0.005360337
0.000104	0.063744	0.000832	0.064097	0.000066	0.003558852
0.000832	0.064097	0.001913	0.064621	0.000066	0.003558852
0.001913	0.064621	0.004378	0.06549	0.000066	0.003558852
0.000104	0.051894	0.000936	0.054242	0.000486	0.192972132
0.000936	0.054242	0.001329	0.058427	0.000486	0.192972132
0.001329	0.058427	0.002334	0.061131	0.000486	0.192972132
0.002334	0.061131	0.003785	0.063763	0.000486	0.192972132
0.000095	0.052963	0.000497	0.054717	0.000191	0.029804977
0.000497	0.054717	0.000552	0.056453	0.000191	0.029804977
0.000552	0.056453	0.001062	0.05828	0.000191	0.029804977
0.001062	0.05828	0.001118	0.058482	0.000191	0.029804977
0.001118	0.058482	0.001539	0.059953	0.000191	0.029804977
0.001539	0.059953	0.002279	0.061012	0.000191	0.029804977
0.001719	0.050129	0.004709	0.050222	0.000171	0.023889897
0.004709	0.050222	0.005939	0.050107	0.000171	0.023889897
0.005939	0.050107	0.006847	0.050021	0.000171	0.023889897
0.006847	0.050021	0.009812	0.050113	0.000171	0.023889897
0.009812	0.050113	0.009969	0.050082	0.000171	0.023889897
0.009969	0.050082	0.010528	0.050009	0.000171	0.023889897
0.01049	0.049824	0.011822	0.05189	0.00008	0.0052288
0.011822	0.05189	0.012936	0.053881	0.00008	0.0052288
0.012936	0.053881	0.013649	0.055727	0.00008	0.0052288
0.013649	0.055727	0.014069	0.057225	0.00008	0.0052288
0.014069	0.057225	0.014453	0.058322	0.00008	0.0052288
0.014453	0.058322	0.015134	0.06019	0.00008	0.0052288
0.013777	0.050519	0.014288	0.052986	0.000081	0.005360337
0.014288	0.052986	0.014964	0.055526	0.000081	0.005360337
0.014964	0.055526	0.015732	0.058431	0.000081	0.005360337
0.015732	0.058431	0.017022	0.062056	0.000081	0.005360337
0.023845	0.044855	0.024718	0.049168	0.000146	0.017415172
0.024718	0.049168	0.025051	0.050812	0.000146	0.017415172
0.025051	0.050812	0.025191	0.052024	0.000146	0.017415172
0.025191	0.052024	0.025234	0.052151	0.000146	0.017415172
0.024954	0.052851	0.026127	0.056472	0.000666	0.362385252
0.026127	0.056472	0.026434	0.057419	0.000666	0.362385252
0.026434	0.057419	0.026509	0.057573	0.000666	0.362385252
0.026509	0.057573	0.027987	0.060581	0.000666	0.362385252
0.027987	0.060581	0.030491	0.063155	0.000666	0.362385252
0.030491	0.063155	0.03209	0.06491	0.000666	0.362385252
0.034437	0.060051	0.034449	0.060087	0.000747	0.455893353
0.034449	0.060087	0.034911	0.061616	0.000747	0.455893353
0.034911	0.061616	0.035388	0.063194	0.000747	0.455893353
0.035388	0.063194	0.03748	0.065879	0.000747	0.455893353
0.03748	0.065879	0.038011	0.066562	0.000747	0.455893353
0.038011	0.066562	0.039316	0.068237	0.000747	0.455893353
0.038011	0.066562	0.038878	0.070649	0.000254	0.052709572
0.042313	0.066812	0.044524	0.070649	0.00064	0.3346432
0.001889	0.057749	0.003619	0.057435	0.000088	0.006326848
0.003619	0.057435	0.004153	0.057338	0.000088	0.006326848
0.004153	0.057338	0.00511	0.057164	0.000088	0.006326848
0.00511	0.057164	0.011451	0.056232	0.000088	0.006326848
0.018462	0.017392	0.021117	0.020929	0.000104	0.008836672
0.021117	0.020929	0.021938	0.02229	0.000104	0.008836672
0.021938	0.02229	0.023565	0.024986	0.000104	0.008836672
0.017024	0.022939	0.018842	0.023109	0.000105	0.009007425
0.018842	0.023109	0.018979	0.023122	0.000105	0.009007425
0.018979	0.023122	0.019655	0.023414	0.000105	0.009007425
0.019655	0.023414	0.022926	0.025991	0.000105	0.009007425
0.018019	0.019074	0.018444	0.021157	0.000074	0.004473892
0.018444	0.021157	0.018685	0.022336	0.000074	0.004473892
0.018685	0.022336	0.018842	0.023109	0.000074	0.004473892
0.018444	0.021157	0.019705	0.022332	0.000074	0.004473892
0.019705	0.022332	0.019719	0.022345	0.000074	0.004473892
0.018685	0.022336	0.019705	0.022332	0.0001	0.00817
0.019705	0.022332	0.021938	0.02229	0.0001	0.00817
0.021938	0.02229	0.021939	0.02229	0.0001	0.00817
0.021939	0.02229	0.02337	0.022314	0.0001	0.00817
0.02337	0.022314	0.024744	0.022336	0.0001	0.00817
0.012027	0.015172	0.013227	0.015229	0.000149	0.018138217
0.013227	0.015229	0.015216	0.01588	0.000149	0.018138217
0.015216	0.01588	0.016293	0.016233	0.000149	0.018138217
0.016293	0.016233	0.01845	0.017314	0.000149	0.018138217
0.0177	0.012268	0.017704	0.0123	0.001391	1.580797777
0.017704	0.0123	0.01845	0.017314	0.001391	1.580797777
0.01845	0.017314	0.018462	0.017392	0.001391	1.580797777
0.018462	0.017392	0.018558	0.018042	0.001391	1.580797777
0.011582	0.015694	0.012328	0.017092	0.00007	0.0040033
0.012328	0.017092	0.014508	0.021175	0.00007	0.0040033
0.012328	0.017092	0.012407	0.019095	0.000132	0.014235408
0.012407	0.019095	0.012627	0.020575	0.000132	0.014235408
0.012627	0.020575	0.012755	0.021434	0.000132	0.014235408
0.007735	0.016051	0.009402	0.018163	0.000074	0.004473892
0.009402	0.018163	0.011603	0.019707	0.000074	0.004473892
0.011603	0.019707	0.012627	0.020575	0.000074	0.004473892
0.012627	0.020575	0.012627	0.020575	0.000074	0.004473892
0.001353	0.013751	0.005345	0.015797	0.000073	0.004353793
0.005345	0.015797	0.007309	0.017103	0.000073	0.004353793
0.007309	0.017103	0.008116	0.017587	0.000073	0.004353793
0.004359	0.013238	0.006487	0.015148	0.00018	0.0264708
0.006487	0.015148	0.007905	0.016737	0.00018	0.0264708
0.000055	0.010443	0.002001	0.01132	0.000076	0.004718992
0.000048	0.009656	0.000704	0.010169	0.000094	0.007219012
0.000704	0.010169	0.002001	0.01132	0.000094	0.007219012
0.002001	0.01132	0.002878	0.011914	0.000094	0.007219012
0.002878	0.011914	0.004007	0.012722	0.000094	0.007219012
0.004007	0.012722	0.004663	0.01327	0.000094	0.007219012
0.000046	0.01418	0.000201	0.014362	0.000395	0.127472425
0.000201	0.014362	0.000612	0.014828	0.000395	0.127472425
0.004696	0.000402	0.003216	0.002397	0.000097	0.007687153
0.003216	0.002397	0.002712	0.003077	0.000097	0.007687153
0.002712	0.003077	0.002202	0.003764	0.000097	0.007687153
0.002202	0.003764	0.001246	0.005379	0.000097	0.007687153
0.001246	0.005379	0.000916	0.005935	0.000097	0.007687153
0.000916	0.005935	0.000037	0.007419	0.000097	0.007687153
0.018339	0.005173	0.021274	0.010023	0.001714	2.400179332
0.021274	0.010023	0.024007	0.012285	0.001714	2.400179332
0.014852	0.003554	0.01656	0.00349	0.000046	0.001728772
0.01656	0.00349	0.017994	0.003609	0.000046	0.001728772
0.017994	0.003609	0.019054	0.003618	0.000046	0.001728772
0.019986	0.000301	0.019365	0.001681	0.000062	0.003140548
0.019365	0.001681	0.019158	0.003285	0.000062	0.003140548
0.019158	0.003285	0.019054	0.003618	0.000062	0.003140548
0.019054	0.003618	0.018807	0.004541	0.000062	0.003140548
0.018807	0.004541	0.018339	0.005173	0.000062	0.003140548
0.018339	0.005173	0.017848	0.00651	0.000062	0.003140548
0.000069	0.034473	0.001594	0.036191	0.000071	0.004118497
0.001594	0.036191	0.00217	0.03688	0.000071	0.004118497
0.000069	0.037735	0.001092	0.040868	0.000073	0.004353793
0.001092	0.040868	0.002124	0.043312	0.000073	0.004353793
0.002124	0.043312	0.002646	0.044229	0.000073	0.004353793
0.002646	0.044229	0.002654	0.044244	0.000073	0.004353793
0.047156	0.004314	0.048263	0.005739	0.00015	0.0183825
0.048263	0.005739	0.049359	0.006086	0.00015	0.0183825
0.049359	0.006086	0.051618	0.009813	0.00015	0.0183825
0.014165	0.010911	0.014918	0.011206	0.000699	0.399187017
0.014918	0.011206	0.017704	0.0123	0.000699	0.399187017
0.017704	0.0123	0.023101	0.014876	0.000699	0.399187017
0.027156	0.027827	0.02988	0.026671	0.000069	0.003889737
0.02988	0.026671	0.031834	0.025888	0.000069	0.003889737
0.031834	0.025888	0.03232	0.025693	0.000069	0.003889737
0.040888	0.027392	0.044033	0.027356	0.000078	0.004970628
0.044033	0.027356	0.045714	0.02774	0.000078	0.004970628
0.040893	0.024779	0.044014	0.024889	0.000071	0.004118497
0.044014	0.024889	0.045399	0.025241	0.000071	0.004118497
0.045399	0.025241	0.045741	0.025328	0.000071	0.004118497
0.045741	0.025328	0.046074	0.025387	0.000071	0.004118497
0.04502	0.024488	0.045399	0.025241	0.000062	0.003140548
0.045399	0.025241	0.04607	0.02657	0.000062	0.003140548
0.04607	0.02657	0.047011	0.028279	0.000062	0.003140548
0.047224	0.027389	0.047011	0.028279	0.000077	0.004843993
0.047011	0.028279	0.046778	0.029334	0.000077	0.004843993
0.046778	0.029334	0.046262	0.031005	0.000077	0.004843993
0.045535	0.026876	0.045714	0.02774	0.000073	0.004353793
0.045714	0.02774	0.045846	0.029937	0.000073	0.004353793
0.045846	0.029937	0.045744	0.030717	0.000073	0.004353793
0.045744	0.030717	0.045508	0.032139	0.000073	0.004353793
0.045508	0.032139	0.044878	0.03413	0.000073	0.004353793
0.044878	0.03413	0.044897	0.034432	0.000073	0.004353793
0.044897	0.034432	0.044932	0.034989	0.000073	0.004353793
0.044932	0.034989	0.044987	0.035528	0.000073	0.004353793
0.040702	0.02915	0.040702	0.029151	0.000033	0.000889713
0.040702	0.029151	0.041001	0.02998	0.000033	0.000889713
0.041001	0.02998	0.041442	0.031207	0.000033	0.000889713
0.041442	0.031207	0.04168	0.03223	0.000033	0.000889713
0.04168	0.03223	0.042073	0.032988	0.000033	0.000889713
0.041001	0.02998	0.042347	0.031371	0.000017	0.000236113
0.042347	0.031371	0.044101	0.033518	0.000017	0.000236113
0.044101	0.033518	0.044897	0.034432	0.000017	0.000236113
0.043362	0.037196	0.043288	0.040444	0.000059	0.002843977
0.043288	0.040444	0.043345	0.042883	0.000059	0.002843977
0.043345	0.042883	0.043358	0.043445	0.000059	0.002843977
0.041415	0.040608	0.04195	0.042702	0.00007	0.0040033
0.04195	0.042702	0.041954	0.042719	0.00007	0.0040033
0.042201	0.041631	0.043102	0.04331	0.000039	0.001242657
0.040821	0.042096	0.040821	0.042097	0.000095	0.007373425
0.040821	0.042097	0.041616	0.043468	0.000095	0.007373425
0.041616	0.043468	0.042685	0.044263	0.000095	0.007373425
0.037193	0.038483	0.038236	0.039393	0.000068	0.003777808
0.038236	0.039393	0.039653	0.040736	0.000068	0.003777808
0.018812	0.02885	0.019908	0.031444	0.000101	0.008334217
0.019908	0.031444	0.02018	0.032158	0.000101	0.008334217
0.02018	0.032158	0.021443	0.035464	0.000101	0.008334217
0.021443	0.035464	0.02285	0.038625	0.000101	0.008334217
0.02285	0.038625	0.024056	0.041056	0.000101	0.008334217
0.02018	0.032158	0.024641	0.035611	0.000088	0.006326848
0.044165	0.058794	0.044337	0.05889	0.0001	0.00817
0.044337	0.05889	0.046522	0.06011	0.0001	0.00817
0.046522	0.06011	0.048413	0.060654	0.0001	0.00817
0.049957	0.060786	0.049999	0.062364	0.000097	0.007687153
0.049999	0.062364	0.050034	0.063732	0.000097	0.007687153
0.050034	0.063732	0.050061	0.064754	0.000097	0.007687153
0.050061	0.064754	0.050069	0.065	0.000097	0.007687153
0.050069	0.065	0.05014	0.067053	0.000097	0.007687153
0.051383	0.060987	0.051904	0.062666	0.000081	0.005360337
0.051904	0.062666	0.052296	0.063929	0.000081	0.005360337
0.052296	0.063929	0.052408	0.064807	0.000081	0.005360337
0.052408	0.064807	0.052644	0.066669	0.000081	0.005360337
0.052972	0.064477	0.052975	0.065162	0.000075	0.004595625
0.052975	0.065162	0.052991	0.068661	0.000075	0.004595625
0.052991	0.068661	0.052991	0.068679	0.000075	0.004595625
0.052991	0.068661	0.05458	0.070635	0.000114	0.010617732
0.046961	0.06402	0.048459	0.06561	0.000106	0.009179812
0.048459	0.06561	0.05014	0.067053	0.000106	0.009179812
0.047418	0.062942	0.048587	0.064073	0.000133	0.014451913
0.048587	0.064073	0.049135	0.064605	0.000133	0.014451913
0.049135	0.064605	0.05014	0.067053	0.000133	0.014451913
0.05014	0.067053	0.051851	0.069326	0.000133	0.014451913
0.051851	0.069326	0.052808	0.070598	0.000133	0.014451913
0.002412	0.036885	0.003124	0.035169	0.000076	0.004718992
0.003124	0.035169	0.003385	0.03454	0.000076	0.004718992
0	0.025538	0.000832	0.028227	0.000066	0.003558852
0.000832	0.028227	0.001718	0.031093	0.000066	0.003558852
0.001718	0.031093	0.002188	0.03413	0.000066	0.003558852
0.000073	0.031422	0.001699	0.033587	0.000773	0.488181193
0.001699	0.033587	0.002188	0.03413	0.000773	0.488181193
0.002188	0.03413	0.003124	0.035169	0.000773	0.488181193
0.003124	0.035169	0.003344	0.035414	0.000773	0.488181193
0.003344	0.035414	0.006761	0.036291	0.000773	0.488181193
0.006761	0.036291	0.008698	0.037771	0.000773	0.488181193
0.008698	0.037771	0.010099	0.039231	0.000773	0.488181193
0.010099	0.039231	0.010875	0.04004	0.000773	0.488181193
0.010875	0.04004	0.012188	0.041407	0.000773	0.488181193
0.000087	0.047177	0.000598	0.047545	0.000034	0.000944452
0.000598	0.047545	0.00153	0.048052	0.000034	0.000944452
0.007496	0.046353	0.00872	0.046627	0.00013	0.0138073
0.00872	0.046627	0.009026	0.046647	0.00013	0.0138073
0.009026	0.046647	0.009881	0.046702	0.00013	0.0138073
0.009881	0.046702	0.010305	0.04673	0.00013	0.0138073
0.010305	0.04673	0.011242	0.046791	0.00013	0.0138073
0.011242	0.046791	0.012112	0.047045	0.00013	0.0138073
0.012112	0.047045	0.014839	0.04784	0.00013	0.0138073
0.013489	0.048564	0.014839	0.04784	0.000077	0.004843993
0.014839	0.04784	0.014982	0.047808	0.000077	0.004843993
0.014982	0.047808	0.016495	0.047468	0.000077	0.004843993
0.016495	0.047468	0.017975	0.047577	0.000077	0.004843993
0.026127	0.056472	0.029345	0.059157	0.000924	0.697534992
0.029345	0.059157	0.033128	0.062592	0.000924	0.697534992
0.033128	0.062592	0.034937	0.064292	0.000924	0.697534992
0.034937	0.064292	0.03497	0.064312	0.000924	0.697534992
0.03497	0.064312	0.03748	0.065879	0.000924	0.697534992
0.029711	0.056032	0.034449	0.060087	0.000123	0.012360393
0.03448	0.062757	0.03497	0.064312	0.000148	0.017895568
0.03497	0.064312	0.035412	0.065717	0.000148	0.017895568
0.025335	0.000237	0.027052	0.001132	0.000074	0.004473892
0.027052	0.001132	0.028349	0.002119	0.000074	0.004473892
0.028349	0.002119	0.03078	0.005262	0.000074	0.004473892
0.032815	0.037737	0.031136	0.040365	0.000129	0.013595697
0.031136	0.040365	0.028213	0.046761	0.000129	0.013595697
0.028213	0.046761	0.026303	0.050217	0.000129	0.013595697
0.026303	0.050217	0.025234	0.052151	0.000129	0.013595697
0.04528	0.044778	0.045697	0.043529	0.001154	1.088011972
0.045697	0.043529	0.045939	0.042803	0.001154	1.088011972
0.045939	0.042803	0.046028	0.042536	0.001154	1.088011972
0.046028	0.042536	0.046331	0.041627	0.001154	1.088011972
0.046331	0.041627	0.047365	0.041085	0.001154	1.088011972
0.047365	0.041085	0.048406	0.040317	0.001154	1.088011972
0.001713	0.000419	0.002629	0.001507	0.000069	0.003889737
0.002602	0.001679	0.003068	0.002224	0.000049	0.001961617
0.003068	0.002224	0.003216	0.002397	0.000049	0.001961617
0.003216	0.002397	0.004351	0.003723	0.000049	0.001961617
0.003068	0.002224	0.003251	0.000408	0.000038	0.001179748
0.000031	0.004805	0.001246	0.005379	0.000047	0.001804753
0.005931	0.002234	0.00669	0.000857	0.000108	0.009529488
0.00669	0.000857	0.006862	0.000544	0.000108	0.009529488
0.024243	0.013055	0.025482	0.012838	0.000081	0.005360337
0.025482	0.012838	0.026325	0.01269	0.000081	0.005360337
0.026325	0.01269	0.02788	0.012324	0.000081	0.005360337
0.02788	0.012324	0.027881	0.012323	0.000081	0.005360337
0.02617	0.017954	0.027736	0.01922	0.000053	0.002294953
0.027736	0.01922	0.02783	0.019336	0.000053	0.002294953
0.02783	0.019336	0.02929	0.02113	0.000053	0.002294953
0.02929	0.02113	0.032011	0.023029	0.000053	0.002294953
0.02474	0.014913	0.02658	0.015347	0.000038	0.001179748
0.02658	0.015347	0.027477	0.015558	0.000038	0.001179748
0.027477	0.015558	0.02949	0.016033	0.000038	0.001179748
0.025482	0.012838	0.02658	0.015347	0.000046	0.001728772
0.026813	0.015865	0.02783	0.019336	0.000068	0.003777808
0.01743	0.006527	0.018718	0.008748	0.000108	0.009529488
0.018718	0.008748	0.018938	0.009038	0.000108	0.009529488
0.018938	0.009038	0.020873	0.011591	0.000108	0.009529488
0.020873	0.011591	0.023005	0.013989	0.000108	0.009529488
0.016942	0.011058	0.018938	0.009038	0.000078	0.004970628
0.016942	0.011058	0.018141	0.01199	0.000419	0.143433337
0.000017	0.005527	0.000916	0.005935	0.000129	0.013595697
0.000916	0.005935	0.001339	0.006127	0.000129	0.013595697
0.001339	0.006127	0.002982	0.00716	0.000129	0.013595697
0.002982	0.00716	0.005216	0.007296	0.000129	0.013595697
0.005216	0.007296	0.005525	0.007315	0.000129	0.013595697
0.005525	0.007315	0.00825	0.007447	0.000129	0.013595697
0.042108	0.05048	0.043075	0.050929	0.000086	0.006042532
0.043075	0.050929	0.044549	0.051614	0.000086	0.006042532
0.044549	0.051614	0.048902	0.054457	0.000086	0.006042532
0.043075	0.050929	0.04466	0.052347	0.000072	0.004235328
0.04466	0.052347	0.046914	0.054257	0.000072	0.004235328
0.046914	0.054257	0.049569	0.055834	0.000072	0.004235328
0.03371	0.043807	0.038041	0.047716	0.000086	0.006042532
0.038041	0.047716	0.040795	0.049448	0.000086	0.006042532
0.040795	0.049448	0.040796	0.049449	0.000086	0.006042532
0.046788	0.046232	0.048547	0.049204	0.000098	0.007846468
0.048547	0.049204	0.051648	0.053206	0.000098	0.007846468
0.056382	0.057342	0.058819	0.058144	0.000056	0.002562112
0.058819	0.058144	0.060666	0.058561	0.000056	0.002562112
0.062053	0.054095	0.064431	0.054498	0.000068	0.003777808
0.064431	0.054498	0.065305	0.054646	0.000068	0.003777808
0.049999	0.062364	0.051904	0.062666	0.000052	0.002209168
0.065949	0.060665	0.067548	0.059066	0.00009	0.0066177
0.067548	0.059066	0.068847	0.058011	0.00009	0.0066177
0.068847	0.058011	0.06941	0.057768	0.00009	0.0066177
0.062888	0.04542	0.06445	0.046728	0.000078	0.004970628
0.06445	0.046728	0.065426	0.048163	0.000078	0.004970628
0.064811	0.036603	0.066615	0.036366	0.000081	0.005360337
0.066615	0.036366	0.068709	0.036724	0.000081	0.005360337
0.068709	0.036724	0.069214	0.036811	0.000081	0.005360337
0.069214	0.036811	0.070391	0.037322	0.000081	0.005360337
0.060061	0.027238	0.06305	0.029825	0.000079	0.005098897
0.06305	0.029825	0.065371	0.031547	0.000079	0.005098897
0.065371	0.031547	0.066282	0.032602	0.000079	0.005098897
0.066282	0.032602	0.066737	0.0337	0.000079	0.005098897
0.066737	0.0337	0.066737	0.033701	0.000079	0.005098897
0.066737	0.033701	0.066739	0.033704	0.000079	0.005098897
0.067182	0.030259	0.067546	0.031447	0.000081	0.005360337
0.067546	0.031447	0.067737	0.032069	0.000081	0.005360337
0.067737	0.032069	0.068355	0.034317	0.000081	0.005360337
0.067546	0.031447	0.068758	0.032402	0.000099	0.008007417
0.068758	0.032402	0.070424	0.034157	0.000099	0.008007417
0.063208	0.013444	0.067259	0.015322	0.000078	0.004970628
0.067259	0.015322	0.070558	0.016655	0.000078	0.004970628
0.069456	0.002788	0.07018	0.002107	0.000059	0.002843977
0.07018	0.002107	0.070635	0.001874	0.000059	0.002843977
0.063694	0.000497	0.063206	0.002092	0.000061	0.003040057
0.056437	0.00917	0.057303	0.008275	0.000201	0.033007617
0.057303	0.008275	0.057456	0.008117	0.000201	0.033007617
0.057456	0.008117	0.057953	0.007604	0.000201	0.033007617
0.056607	0.007137	0.057303	0.008275	0.000076	0.004718992
0.057456	0.008117	0.057853	0.009081	0.000045	0.001654425
0.057853	0.009081	0.058364	0.011213	0.000045	0.001654425
0.03334	0.007293	0.034321	0.009681	0.000226	0.041729092
0.034321	0.009681	0.035276	0.011469	0.000226	0.041729092
0.035276	0.011469	0.035843	0.011779	0.000226	0.041729092
0.035187	0.011757	0.036364	0.013134	0.000079	0.005098897
0.036364	0.013134	0.038607	0.014422	0.000079	0.005098897
0.012991	0.004031	0.014984	0.003745	0.000075	0.004595625
0.023325	0.010059	0.025235	0.009316	0.000074	0.004473892
0.023352	0.010146	0.024415	0.010103	0.000102	0.008500068
0.024415	0.010103	0.025753	0.009908	0.000102	0.008500068
0.013994	0.008615	0.014918	0.011206	0.000155	0.019628425
0.023049	0.021419	0.023227	0.02213	0.000085	0.005902825
0.023227	0.02213	0.02337	0.022314	0.000085	0.005902825
0.02337	0.022314	0.025003	0.024416	0.000085	0.005902825
0.008775	0.02134	0.010278	0.02294	0.000063	0.003242673
0.010278	0.02294	0.011499	0.023908	0.000063	0.003242673
0.004689	0.03108	0.006214	0.034301	0.000095	0.007373425
0.006214	0.034301	0.006577	0.035398	0.000095	0.007373425
0.006577	0.035398	0.006902	0.036378	0.000095	0.007373425
0.01612	0.052602	0.018073	0.056744	0.000119	0.011569537
0.018073	0.056744	0.018341	0.057311	0.000119	0.011569537
0.018341	0.057311	0.020428	0.061331	0.000119	0.011569537
0.020428	0.061331	0.022605	0.063263	0.000119	0.011569537
0.022605	0.063263	0.027134	0.06571	0.000119	0.011569537
0.027134	0.06571	0.027291	0.065795	0.000119	0.011569537
0.027134	0.06571	0.026936	0.067128	0.000087	0.006183873
0.026936	0.067128	0.027736	0.070637	0.000087	0.006183873
0.025626	0.060665	0.028535	0.066995	0.000053	0.002294953
0.028535	0.066995	0.028698	0.06806	0.000053	0.002294953
0.028698	0.06806	0.02878	0.068594	0.000053	0.002294953
0.028698	0.06806	0.029557	0.068705	0.000121	0.011961697
0.029557	0.068705	0.029708	0.070216	0.000121	0.011961697
0.02878	0.069349	0.029708	0.070216	0.000114	0.010617732
0.029708	0.070216	0.030334	0.070659	0.000114	0.010617732
0.034911	0.061616	0.038452	0.064345	0.000077	0.004843993
0.038452	0.064345	0.038465	0.064355	0.000077	0.004843993
0.035629	0.061239	0.036828	0.062772	0.000217	0.038471713
0.036828	0.062772	0.038452	0.064345	0.000217	0.038471713
0.038465	0.064355	0.038616	0.065304	0.001004	0.823549072
0.038616	0.065304	0.039241	0.067035	0.001004	0.823549072
0.039241	0.067035	0.039249	0.067059	0.001004	0.823549072
0.039241	0.067035	0.040758	0.068116	0.000392	0.125543488
0.040758	0.068116	0.04077	0.068125	0.000392	0.125543488
0.040758	0.068116	0.042847	0.069824	0.000079	0.005098897
0.042847	0.069824	0.043769	0.070635	0.000079	0.005098897
0.051851	0.069326	0.05162	0.070646	0.000069	0.003889737
0.047452	0.058521	0.049599	0.058552	0.000104	0.008836672
0.049599	0.058552	0.051154	0.058652	0.000104	0.008836672
0.051154	0.058652	0.052065	0.058896	0.000104	0.008836672
0.047782	0.059255	0.049588	0.061017	0.000072	0.004235328
0.041817	0.050028	0.041977	0.04851	0.000075	0.004595625
0.041977	0.04851	0.042203	0.046358	0.000075	0.004595625
0.046028	0.042536	0.047434	0.043671	0.000104	0.008836672
0.047434	0.043671	0.048419	0.044618	0.000104	0.008836672
0.048419	0.044618	0.049433	0.045592	0.000104	0.008836672
0.049433	0.045592	0.049966	0.046581	0.000104	0.008836672
0.045939	0.042803	0.047078	0.044537	0.000078	0.004970628
0.047078	0.044537	0.047085	0.044544	0.000078	0.004970628
0.047085	0.044544	0.049155	0.046581	0.000078	0.004970628
0.049155	0.046581	0.049399	0.047413	0.000078	0.004970628
0.049399	0.047413	0.049988	0.048124	0.000078	0.004970628
0.045697	0.043529	0.046472	0.044596	0.000077	0.004843993
0.046472	0.044596	0.047123	0.045492	0.000077	0.004843993
0.047123	0.045492	0.048267	0.047658	0.000077	0.004843993
0.048267	0.047658	0.048268	0.04766	0.000077	0.004843993
0.045372	0.044866	0.046472	0.044596	0.000176	0.025307392
0.046472	0.044596	0.046756	0.044526	0.000176	0.025307392
0.046756	0.044526	0.047085	0.044544	0.000176	0.025307392
0.047085	0.044544	0.048419	0.044618	0.000176	0.025307392
0.049322	0.063186	0.050034	0.063732	0.000055	0.002471425
0.000832	0.064097	0.00083	0.066564	0.000137	0.015334273
0.00083	0.066564	0.001146	0.068648	0.000137	0.015334273
0.001146	0.068648	0.001441	0.070596	0.000137	0.015334273
0.00012	0.064932	0.000542	0.06592	0.000076	0.004718992
0.000542	0.06592	0.000519	0.067653	0.000076	0.004718992
0.000519	0.067653	0.000616	0.068656	0.000076	0.004718992
0.000616	0.068656	0.000708	0.069607	0.000076	0.004718992
0.000109	0.058247	0.001062	0.05828	0.000089	0.006471457
0.003011	0.053725	0.005939	0.050107	0.000076	0.004718992
0.00954	0.043791	0.009026	0.046647	0.000112	0.010248448
0.012146	0.044788	0.012058	0.045886	0.000102	0.008500068
0.012058	0.045886	0.012112	0.047045	0.000102	0.008500068
0.015642	0.048964	0.017588	0.049385	0.000102	0.008500068
0.017588	0.049385	0.019139	0.04939	0.000102	0.008500068
0.009881	0.046702	0.009948	0.049163	0.000075	0.004595625
0.009948	0.049163	0.010503	0.049884	0.000075	0.004595625
0.019333	0.047397	0.021746	0.048507	0.000064	0.003346432
0.024718	0.049168	0.026303	0.050217	0.000095	0.007373425
0.02257	0.049451	0.023848	0.052374	0.000047	0.001804753
0.014695	0.021625	0.013905	0.025091	0.000079	0.005098897
0.013905	0.025091	0.013824	0.025447	0.000079	0.005098897
0.013824	0.025447	0.013735	0.026802	0.000079	0.005098897
0.050696	0.02423	0.047117	0.025147	0.000112	0.010248448
0.047117	0.025147	0.047116	0.025148	0.000112	0.010248448
0.055603	0.015307	0.057792	0.016996	0.00004	0.0013072
0.060775	0.017996	0.062409	0.019961	0.000066	0.003558852
0.062409	0.019961	0.064828	0.024224	0.000066	0.003558852
0.05389	0.036687	0.054214	0.038273	0.000061	0.003040057
0.051763	0.033205	0.053469	0.036242	0.00007	0.0040033
0.053469	0.036242	0.05347	0.036242	0.00007	0.0040033
0.063997	0.048334	0.063997	0.048335	0.000083	0.005628313
0.063997	0.048335	0.064039	0.050815	0.000083	0.005628313
0.063275	0.053344	0.064345	0.053269	0.000043	0.001510633
0.064345	0.053269	0.065295	0.053202	0.000043	0.001510633
0.065295	0.053202	0.065496	0.053188	0.000043	0.001510633
0.065496	0.053188	0.065881	0.053206	0.000043	0.001510633
0.065881	0.053206	0.066897	0.053253	0.000043	0.001510633
0.046325	0.03952	0.045518	0.040414	0.000098	0.007846468
0.045518	0.040414	0.045085	0.040895	0.000098	0.007846468
0.045085	0.040895	0.043345	0.042883	0.000098	0.007846468
0.018073	0.056744	0.021942	0.056298	0.000073	0.004353793
0.021942	0.056298	0.026509	0.057573	0.000073	0.004353793
0.037256	0.049368	0.039243	0.051109	0.000093	0.007066233
0.039243	0.051109	0.039765	0.051567	0.000093	0.007066233
0.039765	0.051567	0.041772	0.052786	0.000093	0.007066233
0.061382	0.03934	0.061926	0.038829	0.000083	0.005628313
0.061926	0.038829	0.062436	0.03835	0.000083	0.005628313
0.062436	0.03835	0.062646	0.038152	0.000083	0.005628313
0.061926	0.038829	0.06243	0.041625	0.000073	0.004353793
0.048587	0.064073	0.050069	0.065	0.000057	0.002654433
0.058454	0.063998	0.058454	0.063999	0.000082	0.005493508
0.058454	0.063999	0.05871	0.065171	0.000082	0.005493508
0.05871	0.065171	0.058769	0.066538	0.000082	0.005493508
0.035311	0.066198	0.03671	0.068264	0.000081	0.005360337
0.03671	0.068264	0.037576	0.07064	0.000081	0.005360337
0.046794	0.067564	0.047727	0.069385	0.000083	0.005628313
0.047727	0.069385	0.048548	0.070651	0.000083	0.005628313
0.000096	0.068663	0.000616	0.068656	0.000083	0.005628313
0.000616	0.068656	0.001146	0.068648	0.000083	0.005628313
0.001146	0.068648	0.001606	0.068641	0.000083	0.005628313
0.001606	0.068641	0.004755	0.068686	0.000083	0.005628313
0.000052	0.025142	0.000463	0.025331	0.000075	0.004595625
0.000463	0.025331	0.002228	0.025697	0.000075	0.004595625
0.002228	0.025697	0.003428	0.025619	0.000075	0.004595625
0.003453	0.02092	0.004687	0.02163	0.000075	0.004595625
0.004687	0.02163	0.005185	0.022193	0.000075	0.004595625
0.005185	0.022193	0.005975	0.023085	0.000075	0.004595625
0.005975	0.023085	0.006951	0.024521	0.000075	0.004595625
0.045203	0.035827	0.047953	0.034678	0.000106	0.009179812
0.047953	0.034678	0.050693	0.033053	0.000106	0.009179812
0.056254	0.064096	0.057184	0.063466	0.000059	0.002843977
0.05134	0.052481	0.052939	0.055058	0.000082	0.005493508
0.052939	0.055058	0.053484	0.055824	0.000082	0.005493508
0.064427	0.056043	0.065317	0.05704	0.000055	0.002471425
0.003385	0.03454	0.006577	0.035398	0.000079	0.005098897
0.006577	0.035398	0.007036	0.035521	0.000079	0.005098897
0.007036	0.035521	0.008391	0.035832	0.000079	0.005098897
0.008679	0.031145	0.01039	0.036343	0.000093	0.007066233
0.010099	0.039231	0.010256	0.042584	0.000148	0.017895568
0.010256	0.042584	0.010167	0.044029	0.000148	0.017895568
0.002696	0.041587	0.002646	0.044229	0.000091	0.006765577
0.00728	0.059342	0.009368	0.060563	0.000076	0.004718992
0.009368	0.060563	0.012344	0.063028	0.000076	0.004718992
0.012344	0.063028	0.013671	0.063897	0.000076	0.004718992
0.012587	0.06363	0.015726	0.06709	0.000077	0.004843993
0.007833	0.067495	0.008102	0.070602	0.000108	0.009529488
0.046312	0.02559	0.047224	0.027389	0.000081	0.005360337
0.047224	0.027389	0.047356	0.027649	0.000081	0.005360337
0.047356	0.027649	0.04763	0.02838	0.000081	0.005360337
0.04763	0.02838	0.0488	0.030134	0.000081	0.005360337
0.0488	0.030134	0.049521	0.031358	0.000081	0.005360337
0.049521	0.031358	0.049896	0.032189	0.000081	0.005360337
0.049896	0.032189	0.050052	0.03281	0.000081	0.005360337
0.047149	0.003628	0.047156	0.004314	0.000087	0.006183873
0.047156	0.004314	0.04716	0.004672	0.000087	0.006183873
0.04716	0.004672	0.047173	0.005375	0.000087	0.006183873
0.047173	0.005375	0.04715	0.005885	0.000087	0.006183873
0.04715	0.005885	0.046899	0.006234	0.000087	0.006183873
0.061799	0.043223	0.060346	0.043171	0.000083	0.005628313
0.060346	0.043171	0.058767	0.043011	0.000083	0.005628313
0.061038	0.05192	0.061367	0.052289	0.00016	0.0209152
0.061367	0.052289	0.062459	0.052672	0.00016	0.0209152
0.062459	0.052672	0.064124	0.052771	0.00016	0.0209152
0.064124	0.052771	0.064304	0.052782	0.00016	0.0209152
0.064304	0.052782	0.064459	0.052791	0.00016	0.0209152
0.040893	0.028441	0.040893	0.028469	0.000354	0.102383172
0.040893	0.028469	0.040725	0.029069	0.000354	0.102383172
0.040725	0.029069	0.040702	0.02915	0.000354	0.102383172
0.040702	0.02915	0.040327	0.030486	0.000354	0.102383172
0.04528	0.044778	0.044187	0.043723	0.000144	0.016941312
0.044187	0.043723	0.043467	0.043503	0.000144	0.016941312
0.043467	0.043503	0.043358	0.043445	0.000144	0.016941312
0.046788	0.046232	0.048268	0.04766	0.000084	0.005764752
0.048268	0.04766	0.049865	0.049201	0.000084	0.005764752
0.049865	0.049201	0.049888	0.049223	0.000084	0.005764752
0.049888	0.049223	0.050979	0.049802	0.000084	0.005764752
0.050979	0.049802	0.052467	0.051379	0.000084	0.005764752
0.052467	0.051379	0.054455	0.054011	0.000084	0.005764752
0.055877	0.061783	0.054302	0.059294	0.000117	0.011183913
0.054302	0.059294	0.054063	0.058917	0.000117	0.011183913
0.054063	0.058917	0.052481	0.055104	0.000117	0.011183913
0.052481	0.055104	0.052327	0.054732	0.000117	0.011183913
0.052327	0.054732	0.051648	0.053206	0.000117	0.011183913
0.051648	0.053206	0.049865	0.049201	0.000117	0.011183913
0.049865	0.049201	0.050618	0.049949	0.000117	0.011183913
0.050618	0.049949	0.052051	0.052626	0.000117	0.011183913
0.052051	0.052626	0.053695	0.054358	0.000117	0.011183913
0.056733	0.067903	0.056896	0.068102	0.000057	0.002654433
0.056896	0.068102	0.057015	0.068397	0.000057	0.002654433
0.057015	0.068397	0.057471	0.069527	0.000057	0.002654433
0.057471	0.069527	0.059866	0.070662	0.000057	0.002654433
0.014508	0.021175	0.01332	0.018305	0.000192	0.030117888
0.01332	0.018305	0.013034	0.016765	0.000192	0.030117888
0.01555	0.004569	0.017029	0.00672	0.000102	0.008500068
0.017029	0.00672	0.015856	0.010121	0.000102	0.008500068
0.015856	0.010121	0.016941	0.011058	0.000102	0.008500068
0.003453	0.02092	0.0039	0.021594	0.000094	0.007219012
0.0039	0.021594	0.004079	0.02187	0.000094	0.007219012
0.004079	0.02187	0.00538	0.023887	0.000094	0.007219012
0.00538	0.023887	0.006951	0.024521	0.000094	0.007219012
0.005185	0.022193	0.005839	0.022383	0.000109	0.009706777
0.005839	0.022383	0.005983	0.022425	0.000109	0.009706777
0.005983	0.022425	0.0075	0.022836	0.000109	0.009706777
0.0075	0.022836	0.009146	0.023094	0.000109	0.009706777
0.00954	0.043791	0.007089	0.042863	0.00013	0.0138073
0.007089	0.042863	0.004458	0.042132	0.00013	0.0138073
0.004458	0.042132	0.002696	0.041587	0.00013	0.0138073
0.002696	0.041587	0.002685	0.041584	0.00013	0.0138073
0.002685	0.041584	0.002398	0.039174	0.00013	0.0138073
0.002398	0.039174	0.001832	0.036848	0.00013	0.0138073
0.001832	0.036848	0.00217	0.03688	0.00013	0.0138073
0.00217	0.03688	0.003303	0.036986	0.00013	0.0138073
0.003303	0.036986	0.005761	0.037844	0.00013	0.0138073
0.005761	0.037844	0.009123	0.039379	0.00013	0.0138073
0.023101	0.049878	0.02257	0.049451	0.000077	0.004843993
0.02257	0.049451	0.022479	0.049377	0.000077	0.004843993
0.022479	0.049377	0.021746	0.048507	0.000077	0.004843993
0.021746	0.048507	0.020624	0.047175	0.000077	0.004843993
0.020624	0.047175	0.019333	0.047397	0.000077	0.004843993
0.019333	0.047397	0.019245	0.047412	0.000077	0.004843993
0.019245	0.047412	0.017975	0.047577	0.000077	0.004843993
0.019139	0.04939	0.020579	0.050382	0.000255	0.053125425
0.020579	0.050382	0.023722	0.052319	0.000255	0.053125425
0.023722	0.052319	0.023848	0.052374	0.000255	0.053125425
0.023848	0.052374	0.024954	0.052851	0.000255	0.053125425
0.024954	0.052851	0.025563	0.053114	0.000255	0.053125425
0.025563	0.053114	0.025234	0.052151	0.000255	0.053125425
0.008619	0.070615	0.008199	0.067956	0.000115	0.010804825
0.008199	0.067956	0.007833	0.067495	0.000115	0.010804825
0.007833	0.067495	0.007459	0.067024	0.000115	0.010804825
0.007459	0.067024	0.007112	0.066796	0.000115	0.010804825
0.007112	0.066796	0.006646	0.06611	0.000115	0.010804825
0.006646	0.06611	0.006079	0.064685	0.000115	0.010804825
0.006079	0.064685	0.006098	0.064365	0.000115	0.010804825
0.006098	0.064365	0.005952	0.061679	0.000115	0.010804825
0.005952	0.061679	0.005623	0.060638	0.000115	0.010804825
0.005623	0.060638	0.004994	0.059197	0.000115	0.010804825
0.052991	0.068661	0.051206	0.06571	0.000057	0.002654433
0.051206	0.06571	0.050069	0.065	0.000057	0.002654433
0.003385	0.03454	0.00455	0.031732	0.000062	0.003140548
0.00455	0.031732	0.004689	0.03108	0.000062	0.003140548
0.004689	0.03108	0.005062	0.029338	0.000062	0.003140548
0.005062	0.029338	0.000832	0.028227	0.000062	0.003140548
0.047149	0.003628	0.045693	0.001596	0.000087	0.006183873
0.045693	0.001596	0.04576	0.000141	0.000087	0.006183873
0.000463	0.025331	0.002927	0.024677	0.000102	0.008500068
0.002927	0.024677	0.000052	0.022477	0.000102	0.008500068
